,id,source,target,overlap,t1,t2,t3,t4,t5,t6,t7,t8,t9,t10,t11,t12
0,36535719080030,PointCloud2.pcd,PointCloud26.pcd,0.6073,0.5873344287010076,-0.6246538711982869,-0.5146317227488555,8.17469960187117,0.6997962898166786,0.7113949869980473,-0.0648253440627911,-4.005685290623807,0.406599829834288,-0.322063213781149,0.8549572297534456,-2.634406255147113
1,36535719080061,PointCloud4.pcd,PointCloud27.pcd,0.6033,-0.8879273101752853,-0.3811661682215039,0.2574829004967503,6.660256956711237,0.3355707686557286,-0.1539209095151613,0.9293549444845224,-0.1155911490180869,-0.3146066608778121,0.9116033708896442,0.2645788032211795,-3.127950873871138
2,36535719080092,PointCloud0.pcd,PointCloud25.pcd,0.6249,0.0583389466870961,-0.8618446768580451,-0.5038058358841152,2.1540002400921154,0.9340982560133728,0.2251811418062163,-0.2770449448873312,1.3597680373999852,0.3522172843745972,-0.454441642399,0.8181844402342809,4.296723813790545
3,36535719080123,PointCloud28.pcd,PointCloud22.pcd,0.6019,-0.1756650167559194,-0.9822474243196564,-0.0658164060515553,0.1283896166197432,0.9596056722598846,-0.1857737088750112,0.2112938306185894,-2.9289288908313744,-0.2197697787567644,-0.0260408622787953,0.9752041416221422,3.278164912354
4,36535719080154,PointCloud0.pcd,PointCloud24.pcd,0.6044,-0.7536816851326307,0.6409042368058637,-0.1456216904857639,-5.844010766689692,-0.6527344862324918,-0.755809329772902,0.0518647039039249,10.122577928681094,-0.0768219238137351,0.1341417767607471,0.9879799470379076,2.316119152405514
5,36535719080185,PointCloud20.pcd,PointCloud15.pcd,0.6023,-0.5333829418726359,0.4055216168263191,-0.7423306915424288,5.598586815899632,-0.0898330908973663,-0.8997839430944117,-0.4269881397993373,-5.825531548837842,-0.8410901575331375,-0.1610623296616591,0.5163586668826634,4.363331160551776
6,36535719080216,PointCloud3.pcd,PointCloud26.pcd,0.6242,0.7516550866062062,-0.6182299253312713,-0.2297964103372975,1.7338209227505796,0.1920724203029415,0.5384871840806804,-0.8204509357297546,3.4905686806856733,0.6309697426485577,0.5725585664416789,0.5235015490485799,6.374473179065758
7,36535719080247,PointCloud5.pcd,PointCloud23.pcd,0.6257,-0.6028856084650411,-0.7908561564071876,-0.1052401205747451,4.620578030384951,0.7828787622285407,-0.5610048248178476,-0.2690249620065099,-4.852095103042192,0.153719832023214,-0.2445815332439181,0.9573662239910122,2.452330059275722
8,36535719080278,PointCloud25.pcd,PointCloud3.pcd,0.6186,-0.3783679979222973,0.5750999852111935,-0.7253259027212229,4.870365782119136,-0.8364804728392115,-0.5479935885992819,0.0018561823105202,-1.162006987771475,-0.3964064539168872,0.6074232740553869,0.6884031445518481,4.292976035365433
9,36535719080309,PointCloud30.pcd,PointCloud0.pcd,0.6116,-0.7209058726383462,0.4759212092842974,-0.5037794411733342,-0.4709892158252446,-0.6563073633151203,-0.2353322965398614,0.7168537891813294,1.2877088497044429,0.2226103493863202,0.847418263172707,0.4820030286081755,-2.096456092987244
10,36535719080340,PointCloud24.pcd,PointCloud2.pcd,0.6402,0.4821540707667825,-0.1321983891079232,-0.8660548700632604,6.203176280463467,-0.8158875771752525,-0.4278721543504954,-0.3889124335150042,1.456425309001128,-0.3191471658249797,0.8941191226278165,-0.3141593243835791,2.8185619400983697
11,36535719080371,PointCloud24.pcd,PointCloud26.pcd,0.6384,-0.9763703457324974,-0.1456204982794156,-0.1596734744879636,2.818154128624248,0.1549307961543052,-0.9867860441658568,-0.0474315448039895,3.780612271185677,-0.1506565510596761,-0.071049092326042,0.9860297308410376,5.277512791298369
12,36535719080402,PointCloud9.pcd,PointCloud2.pcd,0.6387,-0.5220659546118505,0.4343581604793968,-0.7340164354155645,8.474646669476153,-0.8440844037970386,-0.139671050465421,0.5177002191698235,3.6121631231780182,0.1223464682850092,0.8898454843886325,0.4395524492155001,4.882394100576248
13,36535719080433,PointCloud13.pcd,PointCloud9.pcd,0.6342,0.292147561374372,0.677509299040704,0.6750044089458834,5.501318479838328,-0.3871779109190471,0.7291574843022285,-0.564289489874132,1.6487478439478005,-0.8744958934605526,-0.0964909985408973,0.4753382159275757,9.836806972277582
14,36535719080464,PointCloud28.pcd,PointCloud30.pcd,0.6268,0.2939020613924895,-0.95417765700155,0.0562723483451488,1.1920058898774586,0.9090233401064912,0.2608250420581237,-0.3250336360702016,3.375340217321164,0.2954625956883265,0.1466809337112716,0.9440267783462004,-8.730023911600211
15,36535719080495,PointCloud6.pcd,PointCloud28.pcd,0.6329,0.2083328112792597,0.12482102108404,0.9700603859760576,3.172939515888008,-0.9558234675328796,-0.1842969460176696,0.2289893766138115,6.996196411973028,0.207361854394443,-0.9749124824229596,0.0809117603194988,7.115378126199014
16,36535719080526,PointCloud3.pcd,PointCloud25.pcd,0.627,0.7254968249569631,-0.6575795647821095,0.2030848910144157,1.1195921412068714,0.2548153284435374,0.5307676722398014,0.8083036722020722,-1.5684870735980407,-0.6393148718492148,-0.5346726045778989,0.5526316137774856,6.560965383037611
17,36535719080557,PointCloud5.pcd,PointCloud27.pcd,0.6402,0.4159722669412489,0.6565226964215714,-0.6292416246714039,0.5193019802959757,0.5483222987920708,0.3709374044327873,0.7494985648018587,1.0503613680883594,0.7254720737444946,-0.6567978312053232,-0.2056863610958353,-1.4942530855379337
18,36535719080588,PointCloud20.pcd,PointCloud1.pcd,0.6402,0.6844981771277612,-0.6438521533381008,0.3419307680666702,-2.0514410251131707,0.5342972922737335,0.7621640141059369,0.3655576822758372,4.645854465699242,-0.4959724276386025,-0.06753088362976,0.8657083404810509,-2.52247646240643
19,36535719080619,PointCloud25.pcd,PointCloud27.pcd,0.6397,0.0764362854753186,0.8077000334715133,-0.5846179523354138,2.1463504762973096,0.5582314941410652,0.4511581358151365,0.6963001762435832,-2.9306557000075184,0.8261568211978703,-0.3795747520817574,-0.4163987444389129,-6.729980179170887
20,36535719080650,PointCloud29.pcd,PointCloud24.pcd,0.6602,0.5901303008008072,-0.6012930780217308,-0.5386955191941936,1.7899451049975057,0.7327101789745044,0.1187716855706096,0.6700963216835817,-0.6499618353765579,-0.3389425050121316,-0.7901518341621875,0.5106643293458357,-3.694286318301736
21,36535719080681,PointCloud31.pcd,PointCloud26.pcd,0.678,-0.851218592594693,-0.136419722397708,0.5067707242551039,10.315423385350776,-0.0309178556320626,-0.9509121888964748,-0.3079124797913043,-1.1044233356627262,0.5238997936859923,-0.277769091781371,0.8052163298311376,2.3432379989583274
22,36535719080712,PointCloud4.pcd,PointCloud24.pcd,0.6533,-0.1677790414303625,-0.3152326833407428,-0.934065601877354,4.884568017159171,0.9489713002456216,-0.3082900283798795,-0.0664133248050999,-0.9807741512744532,-0.2670274603235467,-0.8975442127022647,0.3508713748338964,-0.6511556876962841
23,36535719080743,PointCloud23.pcd,PointCloud0.pcd,0.6738,0.5884961183324836,0.3722018419640048,-0.7177312223570892,2.9232341152705463,-0.5446640848100726,0.8385723508425142,-0.0117237843917934,3.4033789040243305,0.5975059442596412,0.3978218209714761,0.6962215490297132,1.1799703672217872
24,36535719080774,PointCloud7.pcd,PointCloud1.pcd,0.6579,-0.6340056277278079,-0.7096461178747557,-0.3073096994804369,7.986726817255662,0.4239907318840605,-0.6513148689016497,0.6293018360246898,-2.831574295807441,-0.6467369815356835,0.2686844411813143,0.7138206692028453,11.908716972964204
25,36535719080805,PointCloud30.pcd,PointCloud31.pcd,0.6646,0.1024331014831052,-0.4880015982341699,-0.8668113403973484,1.2186925330078824,-0.7004519401492626,0.5833448777778921,-0.4111883183061381,1.6998811743911315,0.706310511929198,0.6492789798624254,-0.2820678412139928,-8.672351701040308
26,36535719080836,PointCloud26.pcd,PointCloud2.pcd,0.6595,0.7335629671909107,-0.5518435380546198,0.3966788155087521,0.5665915462717075,-0.5079581971371401,-0.0574211456627356,0.8594656956458271,-2.0401623197158094,-0.4515128382751186,-0.8319684618650749,-0.3224354746838632,5.813809312269526
27,36535719080867,PointCloud20.pcd,PointCloud17.pcd,0.6623,0.6720871141832979,0.7183228788967865,0.1797530322475796,3.759516983140294,0.4881284224255487,-0.2472546305339262,-0.8370160039687871,-5.093526089910529,-0.5568029760778149,0.6502902346898378,-0.516810464772071,6.954240043215725
28,36535719080898,PointCloud14.pcd,PointCloud11.pcd,0.6677,0.9819933262715944,-0.0346708059307988,-0.1857068721780626,-0.0356574842076513,-0.1754461711292789,0.197158945318339,-0.964544965938362,-1.9158881677376751,0.0700553223825724,0.9797582791163691,0.1875259083668302,1.3310201211388044
29,36535719080929,PointCloud16.pcd,PointCloud14.pcd,0.6658,-0.2912780420871297,0.2669086955243467,-0.918649470936211,6.573759821227789,0.0899603478261578,-0.948391358109512,-0.3040739510089484,-9.831450673122124,-0.95239920097451,-0.1712120910353216,0.2522343788352962,0.7473834015480705
30,36535719080960,PointCloud21.pcd,PointCloud20.pcd,0.7033,0.1661261705935717,-0.2827568598407673,0.944696064169267,-0.6298370040923991,0.9651778911296208,-0.1496916934035543,-0.2145321313942363,1.0689677049638355,0.2020735854051515,0.9474391564311476,0.2480429618887461,9.76665606737961
31,36535719080991,PointCloud22.pcd,PointCloud0.pcd,0.7011,0.6696965731283662,-0.4965242478372638,-0.5522410445174849,-1.5923748840986574,0.6991356786744289,0.1707660751927925,0.6942969468229683,-0.5145258706361995,-0.2504312335643639,-0.8510597034714364,0.4614992723532097,-3.721068637266301
32,36535719081022,PointCloud20.pcd,PointCloud18.pcd,0.7007,-0.498074679203636,0.3304939679049953,-0.8016828245101716,1.5654330319577867,0.3320231226075164,0.9267497354337028,0.1757713683382934,-4.4406009504014,0.8010507224827582,-0.1786299668364011,-0.5713222164049611,7.079239788355184
33,36535719081053,PointCloud5.pcd,PointCloud26.pcd,0.6805,0.9341713812216716,0.0149717693349497,0.3565104158778189,-0.7565021389886812,-0.2585519071896691,0.71697355338562,0.6473792049750922,-1.5709838473418063,-0.2459161275617747,-0.6969395740439617,0.6736471541812095,5.666493483191147
34,36535719081084,PointCloud8.pcd,PointCloud2.pcd,0.6821,0.6673602926259845,0.4119106414179422,-0.6204513383923189,-3.0067856281068712,-0.6841468578909464,0.6682372399984765,-0.2922363220360597,4.015102431276512,0.2942334390651502,0.6195067510252636,0.727762371086893,-2.45066413889673
35,36535719081115,PointCloud26.pcd,PointCloud0.pcd,0.6956,-0.0379929965543304,0.5054642116282122,-0.8620107093162428,-2.25809054157658,-0.9379527226266572,0.2795049182040954,0.2052356957669955,1.020984933620075,0.3446755319573227,0.816322810818607,0.463482304092772,-5.908686259927544
36,36535719081146,PointCloud25.pcd,PointCloud0.pcd,0.698,-0.3682633336572858,0.878054045039911,-0.3056193892289434,2.6330555251030487,-0.9277958254011835,-0.3259310471890869,0.1815595187434734,4.313029838265312,0.0598082222755277,0.3504141071179572,0.9346833314449156,1.323333013965027
37,36535719081177,PointCloud28.pcd,PointCloud24.pcd,0.693,-0.2361158894648137,0.8363544072214054,0.4947328493880022,1.821529898236732,-0.7983701424270354,-0.4572032962711144,0.391880417423304,2.180895657016448,0.5539444037295397,-0.3024507421054864,0.7756733501781311,-9.616932339712696
38,36535719081208,PointCloud10.pcd,PointCloud11.pcd,0.6937,-0.2811857190775766,-0.2473051846401072,0.9272403879452992,6.359064502484171,0.9586183768048264,-0.117247056219826,0.2594300203520496,-8.89210660728088,0.0445578168103653,0.9618176924230016,0.2700394924880183,-2.030695477768823
39,36535719081239,PointCloud9.pcd,PointCloud10.pcd,0.6937,0.0419406350908797,-0.528627223966835,-0.8478173395309225,9.22346878775135,0.979638287518249,-0.144996877666468,0.1388694750306492,-9.320072836070036,-0.1963410521426594,-0.8363786006038731,0.5117822072868699,-0.9835020446097374
40,36535719081270,PointCloud17.pcd,PointCloud15.pcd,0.7127,-0.6401684762788082,0.4831407188293718,-0.597293368277187,6.190278956283866,0.0825637574834829,-0.7297168745832627,-0.6787462772631937,-8.434559428800833,-0.7637850142082379,-0.4838267549004224,0.4272518265770775,8.825931168247655
41,36535719081301,PointCloud8.pcd,PointCloud9.pcd,0.7149,0.9310972728537632,-0.3271461117781166,-0.1613483499535855,0.4911125272395304,0.3435391729842607,0.6377463051791614,0.6893913887303917,-2.1830733675224847,-0.1226323982868103,-0.6973199206811662,0.7061913502101518,3.2858960937084336
42,36535719081332,PointCloud8.pcd,PointCloud3.pcd,0.7289,-0.2228343025433963,-0.4575126357941028,-0.860829287198531,3.2767471898585594,0.9309677235102332,0.1621001414984666,-0.3271431520120071,-0.9082119541382712,0.2892126750199102,-0.8743029979445969,0.3898080250494056,-2.5027338982087057
43,36535719081363,PointCloud14.pcd,PointCloud12.pcd,0.7058,0.8761040610399371,0.4577199676641663,0.1514401050938786,-4.958092215286493,0.4787049991122374,-0.7885343717355957,-0.3860765059110725,-4.964810951542118,-0.0572991976757362,0.4107383300753222,-0.9099510020614588,7.353290461308582
44,36535719081394,PointCloud13.pcd,PointCloud14.pcd,0.7204,0.8992530915074318,-0.4332906855842856,-0.060025487921598,-3.082300567779412,0.128497649032863,0.392831954608387,-0.9105884963206932,-2.298648103720764,0.4181294436025203,0.8111363863275114,0.4089321840699173,1.1650583776578949
45,36535719081425,PointCloud27.pcd,PointCloud28.pcd,0.7186,0.5357253602317669,-0.4493144459508774,0.7149229798127907,0.959554890942196,-0.829225132338323,-0.1201937565738014,0.545838016978635,-2.141688275471055,-0.1593236275730457,-0.8852513708210419,-0.4369736744432456,-3.647057500186698
46,36535719081456,PointCloud26.pcd,PointCloud23.pcd,0.727,0.9123080381331912,0.0244611390371674,0.4087734045098487,-1.582334623112659,-0.2929246928381692,0.7365359461700645,0.6096801820012132,-5.92057085865565,-0.2861628345596826,-0.6759559546866738,0.6791129357039192,8.05209211262745
47,36535719081487,PointCloud9.pcd,PointCloud4.pcd,0.7142,-0.5224313990180474,0.8242261881113696,0.2184413517433162,7.751207704121676,-0.8446016584439843,-0.4650288289879098,-0.2653228726736633,3.749589659390865,-0.1171045339588412,-0.3231089275175397,0.939088467123704,-6.275222229513319
48,36535719081518,PointCloud18.pcd,PointCloud19.pcd,0.7168,-0.303840321829186,0.9014026357811624,0.3084709824886448,5.585652738642684,-0.9019086685457152,-0.3764691885277775,0.2117349845711194,-3.6308000101737794,0.3069882936413571,-0.2138790272467355,0.9273693704620388,-5.4398610703938735
49,36535719081549,PointCloud25.pcd,PointCloud22.pcd,0.7214,0.8012933694297528,0.0279584508805233,-0.597617989297741,0.9022859636583184,-0.5729897834342867,-0.2514512072709783,-0.7800352546147491,0.4011700679540679,-0.1720803422469946,0.967466079708394,-0.1854662784061521,-0.5348195636115822
50,36535719081580,PointCloud23.pcd,PointCloud24.pcd,0.7485,-0.015370243202828,0.7554301984996751,0.6550488308657816,-2.4456435785013046,-0.99275837107188,-0.0895913851146124,0.0800262480686959,-3.384723723321441,0.1191409765386919,-0.6490751874074271,0.7513366946991342,-1.1216498761859723
51,36535719081611,PointCloud25.pcd,PointCloud26.pcd,0.752,-0.2527881185964568,0.9133385105656544,0.3192349169720881,-3.807383879005892,-0.8470225558549204,-0.3683760821311387,0.383212541531082,0.9306864894157324,0.4676012799057145,-0.1735275978956225,0.8667394163179112,-5.975711509830408
52,36535719081642,PointCloud4.pcd,PointCloud5.pcd,0.7392,-0.1439147685700099,0.03155531332378,-0.9890868523989582,2.061713510425716,-0.9416264359015762,0.3030273546966426,0.146676779064888,4.198054884654571,0.3043488041684003,0.9524592823352572,-0.0138967944027211,-1.5644180296650143
53,36535719081673,PointCloud26.pcd,PointCloud27.pcd,0.7349,-0.9053606619673906,-0.3840276965988187,0.1812313438866845,3.541247390596527,-0.1454332251959166,0.6813879790711814,0.7173280971678199,0.0342073264565745,-0.3989627160162737,0.6230835820516353,-0.6727522582694325,3.828176160248868
54,36535719081704,PointCloud12.pcd,PointCloud9.pcd,0.734,-0.594431671381199,-0.3549770444854121,0.7215554628352254,7.507444750828128,0.7800824114522003,-0.4724160656694205,0.4102371170924762,-7.93214495632709,0.1952496335511918,0.8067306606208963,0.5577304203755591,2.8256135743104447
55,36535719081735,PointCloud29.pcd,PointCloud30.pcd,0.7424,-0.6952002740864319,-0.1097913313127167,-0.710381899036519,11.579086383025276,0.6477738011977928,0.3326948125743199,-0.6853490090223379,2.9017726840888374,0.3115857528705578,-0.9366216019581864,-0.1601695768657966,6.376160057755904
56,36535719081766,PointCloud9.pcd,PointCloud5.pcd,0.7333,0.5971278172027255,0.2894185896658452,-0.7481144630860586,-4.727167296324248,-0.0225567625772581,0.938330805224212,0.3450021629342563,5.770784357641703,0.8018288859755189,-0.1891353481587063,0.5668317719501468,-6.293721136402194
57,36535719081797,PointCloud19.pcd,PointCloud16.pcd,0.7511,0.1057071171950393,0.0941176548878545,-0.989933266646154,0.685424699894428,0.978312557459494,0.1684870365795595,0.120485096263822,-9.43712959234397,0.1781306972180217,-0.9812002779978454,-0.0742662047338665,-8.597314931919236
58,36535719081828,PointCloud27.pcd,PointCloud25.pcd,0.7497,0.1562558884825099,0.9781229131572908,-0.137330492139351,2.534912238785584,-0.9849579044551222,0.1646904147504284,0.0522971676164795,-2.0036931629233656,0.0737700736472163,0.1270930133643341,0.989143741924326,-1.4870792916441955
59,36535719081859,PointCloud5.pcd,PointCloud0.pcd,0.752,-0.5037819906474362,-0.8504602881634139,0.1513968432838311,0.4803072262096894,-0.8478861771009606,0.5203478126043616,0.1016227563047479,0.879354633911893,-0.1652051348488432,-0.0771715762107956,-0.983235379369923,7.432072552049016
60,36535719081890,PointCloud13.pcd,PointCloud11.pcd,0.7641,0.2095931700568136,-0.7360759697492731,0.6436325580820185,10.003599805210836,-0.0468821618543306,0.6499310103306029,0.7585458092366645,2.5309030262717718,-0.9766641008890417,-0.1891609065539415,0.1017122680225499,4.715100790285778
61,36535719081921,PointCloud16.pcd,PointCloud15.pcd,0.7784,-0.5139228349866868,0.0034429434278977,0.857829508597017,4.156666266624963,-0.6557027115169415,-0.6463516582436538,-0.3902351701154192,-1.1556092397967157,0.553115967757737,-0.7630318997435375,0.3344324239441966,-6.229522700629484
62,36535719081952,PointCloud30.pcd,PointCloud28.pcd,0.7714,0.3292668467903125,-0.1684199146525795,-0.9290952997153644,2.0105976296651886,-0.6383056811830159,0.6853817209682972,-0.3504536402036955,1.426579757068861,0.6958083076352646,0.7084395732248114,0.1181700897638488,-4.068285306122295
63,36535719081983,PointCloud8.pcd,PointCloud4.pcd,0.7619,0.6826758770250124,0.725997144590957,0.0829565728192003,3.872387916447373,-0.3203512609654659,0.1953174860919908,0.926944523272316,-0.6018270780040385,0.6567562078320739,-0.6593779080864646,0.3659126368432112,-3.732048960459346
64,36535719082014,PointCloud11.pcd,PointCloud7.pcd,0.7651,-0.7488575561344935,0.588415400692142,0.3049256906995205,9.318945719110449,-0.4090846008115776,-0.7724013954047173,0.485845524581299,-2.088746857671193,0.5214040180120458,0.2390886877398246,0.8191303006211788,0.4700269021713676
65,36535719082045,PointCloud28.pcd,PointCloud26.pcd,0.762,0.5195265456654589,0.8436590589044632,0.1353940939529908,3.972489789607012,-0.8532933243323053,0.5205232921291502,0.0307571942958809,3.4174792591843874,-0.0445271939250496,-0.1315100554310084,0.9903143108739236,-3.0996511286506525
66,36535719082076,PointCloud10.pcd,PointCloud7.pcd,0.7714,-0.9120684003532974,-0.356150751364793,-0.2031941814601744,5.694165560867177,0.3611545765760282,-0.9324125613384512,0.0131980027450524,-7.353736236403174,-0.1941612857785163,-0.0613470273164235,0.9790495070956684,-0.8980248119927496
67,36535719082107,PointCloud7.pcd,PointCloud3.pcd,0.7597,-0.6042290651312698,0.7605922632639182,0.237500833500984,7.630844493134538,0.7159658980917294,0.6490637558148822,-0.2571168482561622,-2.9710122203867044,-0.3497142685397535,0.0146850247037468,-0.9367413092359892,4.746811193924537
68,36535719082138,PointCloud31.pcd,PointCloud28.pcd,0.7693,-0.7721854773570235,-0.2166345278957246,-0.5973266023561166,7.5406048552927345,0.2328713830742699,-0.9711602604853128,0.0511729166569174,6.024560410745623,-0.5911856793799917,-0.0995852889612503,0.8003638314657415,1.104857648206356
69,36535719082169,PointCloud29.pcd,PointCloud26.pcd,0.7648,-0.3030475922993632,0.952639060984462,-0.0253175095181401,-0.697095416278019,0.5436190210776746,0.1509903490238002,-0.8256393125476896,-0.7972386814091721,-0.7827135598187305,-0.2639710855156548,-0.5636299755048315,-3.509089679172502
70,36535719082200,PointCloud25.pcd,PointCloud23.pcd,0.7974,-0.3459614804540363,-0.6789349988801082,-0.6475785059262846,-5.47062045689931,0.8291540489106205,0.1017817558888894,-0.5496763023301069,-4.005096312474249,0.439106157115994,-0.7271091675008933,0.5277291363180378,-1.2923863547338856
71,36535719082231,PointCloud13.pcd,PointCloud12.pcd,0.804,0.7349718468249856,0.4425669282730846,0.5137615189692554,2.9124066198810947,0.0676751127385466,0.7059952002446156,-0.7049757842276502,-0.5566207912172241,-0.6747121337952172,0.5529062228176599,0.4889358294081273,-2.7091492974285325
72,36535719082262,PointCloud30.pcd,PointCloud29.pcd,0.8092,0.6185617888786866,0.7854443925335183,0.0214107350843316,4.228064123404961,-0.4653774445214304,0.3442714477562781,0.8154146211532505,-3.5560131448942025,0.6330917370096548,-0.5143483999172629,0.5784812667949147,-0.4416940158733209
73,36535719082293,PointCloud4.pcd,PointCloud0.pcd,0.805,-0.6473670739995275,-0.3242704631689406,-0.6897568689164979,1.053072746757182,0.6034448222640438,0.3347553689293331,-0.7237355797911987,-0.6827576874196335,0.4655858867964177,-0.8847527958074995,-0.0210302716769542,-7.372412770022532
74,36535719082324,PointCloud12.pcd,PointCloud11.pcd,0.7851,0.1677165697905244,-0.9858351287614682,0.000501116313218,3.7896156573704376,0.985829866041056,0.1677173120364345,0.003221562469768,-8.317596825855016,-0.0032599753332674,-4.629397886466488e-05,0.9999946851947236,3.765313887225755
75,36535719082355,PointCloud19.pcd,PointCloud17.pcd,0.7843,0.880425921588826,-0.0891307106019884,-0.465731589031763,2.9922462380361394,-0.3499549920594502,0.5406211731875481,-0.7650230392831247,-1.662137636777962,0.3199714051710506,0.8365312089389755,0.4447851575131073,-1.6477881148960631
76,36535719082386,PointCloud7.pcd,PointCloud5.pcd,0.7935,-0.2521907936111026,0.6958154374295556,-0.6724884241773371,4.264609746266518,0.6684843174232623,-0.3772009671717771,-0.6409743736873034,-4.266307051079643,-0.6996631482198824,-0.6111958011958131,-0.3700150964807393,13.451699779956664
77,36535719082417,PointCloud29.pcd,PointCloud27.pcd,0.7899,-0.9597116089261326,0.1130142160586749,-0.2572574870845505,-0.8190526745902957,0.0139225485104187,0.9335510874003858,0.3581738821529739,2.275184316606436,0.2806417473138833,0.3401619528727464,-0.8975132620092086,0.6685894620691971
78,36535719082448,PointCloud7.pcd,PointCloud4.pcd,0.7883,0.6699073802700672,-0.59091737175776,0.449489445498553,4.858191790066194,0.6081805957336495,0.784010168771573,0.12427557376988,-6.9701423901618895,-0.4258408914521465,0.1901176346835579,0.8845986774518546,4.588322229487694
79,36535719082479,PointCloud26.pcd,PointCloud25.pcd,0.8006,0.6014694623502898,0.7481012737839112,0.2803194071464595,-2.2036507122300977,0.7920115427470231,-0.6043386570263515,-0.0865592501068838,-4.462849646145162,0.1046527687905744,0.27407895173923,-0.9559960910997446,7.82145702823777
80,36535719082510,PointCloud5.pcd,PointCloud3.pcd,0.8266,-0.4396581296292532,0.8981320803049526,-0.0077133247050172,5.299582054055712,-0.894153557068808,-0.4384890317555912,-0.090646485928813,-0.9631147665101674,-0.0847947252610979,-0.0329565677391084,0.9958532618868868,-3.369274869745331
81,36535719082541,PointCloud2.pcd,PointCloud1.pcd,0.8111,-0.0052386149232651,0.7718653348585595,-0.6357644703483909,1.003251758079006,-0.3072142402897367,0.6037843216474094,0.7355704612720511,-1.992783035470296,0.9516259598586444,0.1991692691568204,0.23396502889674,-0.7524386482824394
82,36535719082572,PointCloud18.pcd,PointCloud17.pcd,0.823,-0.7031380475665465,0.0941985322445705,-0.7047861537993445,6.961589154903521,-0.606620709678659,-0.5965696749127007,0.5254673515676446,-5.999174660090256,-0.3709557933949339,0.7970139644306887,0.4766136169364152,13.185596920742968
83,36535719082603,PointCloud17.pcd,PointCloud16.pcd,0.8099,0.5180408504827534,0.8352989671779312,0.184144814378757,5.338524180276362,-0.0668661030320638,0.2541730560172893,-0.9648445376640412,-6.327831200134012,-0.8527382960184273,0.4875158387440486,0.1875252129108931,2.5747371219080177
84,36535719082634,PointCloud6.pcd,PointCloud4.pcd,0.8222,0.8535321877570874,0.2392675249681745,-0.4628540331013703,-3.550253983552292,-0.4662827770119183,0.7471777357671459,-0.4736093358834211,9.41554560649422,0.2325148948447263,0.6200616765044309,0.7493065734436477,0.4731346155677984
85,36535719082665,PointCloud1.pcd,PointCloud0.pcd,0.8227,0.7106197138908639,0.4575217746627982,-0.5345029915155485,-4.692926098271129,0.2029211283815182,-0.8606884429742638,-0.4669458424559627,1.6396192071247853,-0.673678438044471,0.2233589708069525,-0.7044630098692344,4.665065664667257
86,36535719082696,PointCloud18.pcd,PointCloud16.pcd,0.8132,0.9855114413259468,-0.1015550457722915,-0.1358446601594726,-4.900164812716248,0.1538832768976789,0.1985662532124465,0.9679314956010072,-4.567946575954496,-0.0713241621534183,-0.9748117847889194,0.2113169376310251,-5.413155392950003
87,36535719082727,PointCloud29.pcd,PointCloud28.pcd,0.816,0.8986305385169333,0.2118575107757245,-0.3841608391971779,-0.0618993509525531,0.3753623720796146,-0.8245636414354922,0.4233177185630268,-1.577241445858228,-0.227082022343318,-0.5246057532572006,-0.8205014069323184,0.4391892063742646
88,36535719082758,PointCloud11.pcd,PointCloud10.pcd,0.8318,-0.6711125048097836,-0.6673772000562433,0.3228245324212947,6.917606518108192,0.6762386125951586,-0.7295368027139187,-0.1023591340395592,-7.944188192858443,0.3038245294957498,0.149611919080808,0.9409075028639342,-6.602664939174328
89,36535719082789,PointCloud11.pcd,PointCloud9.pcd,0.8106,0.0160259102717363,-0.7188022039524486,0.6950298999273806,8.585972811806943,0.8818139843072386,0.3378297615147023,0.3290518945624117,-9.291919851027735,-0.4713250123642447,0.6076137291306227,0.6392638648412898,10.077586200807524
90,36535719082820,PointCloud4.pcd,PointCloud1.pcd,0.8503,0.3861114415367788,0.7787719006484997,-0.4944009319112515,3.2349062168607223,-0.684305963554056,0.6012250599024216,0.4126181959023191,3.712118087955061,0.6185816865691594,0.1790048996694027,0.7650581304290553,2.5783301237806926
91,36535719082851,PointCloud24.pcd,PointCloud23.pcd,0.8364,-0.5720020171323391,-0.4286327333167888,0.6993480337613838,-2.841276728701112,-0.7717082270653052,-0.0077396847200308,-0.6359296419889213,0.7956331325406117,0.277992993933765,-0.903445669207514,-0.3263522914182288,4.679234030825973
92,36535719082882,PointCloud3.pcd,PointCloud1.pcd,0.8399,-0.2240645060463715,0.8200588105530714,0.5265915346494641,3.558326813587892,0.8455397531057508,0.4322637434272156,-0.3133856761821712,0.0375769973655124,-0.4846211128789808,0.3750354694593198,-0.790247286360014,11.158001083190827
93,36535719082913,PointCloud8.pcd,PointCloud7.pcd,0.8376,0.254118717831291,-0.9213211091937524,0.294263641997741,3.4324451038083907,0.1250053576744923,-0.2704120232566377,-0.9545946774578852,-2.2305435120873485,0.9590606538694272,0.2793649073026989,0.046453318151683,1.0752368554296865
94,36535719082944,PointCloud6.pcd,PointCloud5.pcd,0.8406,-0.2995269809227839,0.6135613954671225,0.7306339724456561,0.9495888799684316,-0.5874075011898873,0.4848531421400413,-0.6479736554079818,2.274494460503044,-0.7518217975325903,-0.6232654687605967,0.2151839682817907,1.9453506811787544
95,36535719082975,PointCloud25.pcd,PointCloud24.pcd,0.8372,0.6013014242642392,0.7829187677884067,0.1596082711593614,2.20471178223944,-0.5802040933924172,0.5651707229307144,-0.586468467995217,-0.9683867931788124,-0.5493630923064278,0.2600389528256419,0.7940906345152692,-6.599394449438079
96,36535719083006,PointCloud4.pcd,PointCloud3.pcd,0.8401,-0.7557012492995139,-0.4309270351912434,-0.4931708752029448,13.209776314207993,0.0817865942414722,-0.8092297956406234,0.5817715108612793,-0.8473432716836767,-0.6497896388905677,0.3993106913027995,0.6467800221108763,0.2404526967911326
97,36535719083037,PointCloud4.pcd,PointCloud2.pcd,0.8402,0.4087697738243536,0.4773992998999805,0.7778156468358008,1.7446675550033648,0.8208176106008693,-0.5648812014942115,-0.0846621422238741,-0.7523334487566413,0.3989557896998945,0.67305210545207,-0.6227641136188478,-3.602761150680095
98,36535719083068,PointCloud5.pcd,PointCloud4.pcd,0.8564,0.5083709507044949,-0.8610385549144293,-0.0130989858645467,2.912476800077738,0.8609547959212491,0.5078899688446388,0.0283658055974536,2.6009767890038096,-0.017771208737974,-0.0256979862608625,0.999511779641505,-7.445083711497245
99,36535719083099,PointCloud11.pcd,PointCloud8.pcd,0.8376,-0.935040209808328,0.1330365843459457,0.3286351674230286,10.04894035662658,0.0930423628417834,-0.8023654204382067,0.5895361318883162,-0.1213269059183443,0.3421153676151012,0.5818169809403849,0.737865892917541,-4.585570833915664
