,id,source,target,overlap,t1,t2,t3,t4,t5,t6,t7,t8,t9,t10,t11,t12
0,5494384560030,PointCloud26.pcd,PointCloud22.pcd,0.6145,-0.2193532495285814,0.9562005569264314,-0.193816012895825,11.514474795108304,-0.9663952159841462,-0.185652626358703,0.1778015434383833,6.688829755024365,0.134031483033679,0.2263042139680535,0.9647911506103763,-1.3074685113589246
1,5494384560061,PointCloud10.pcd,PointCloud3.pcd,0.625,0.1159513489281409,-0.9914034915788824,0.0606168422713149,3.55933536418819,-0.1937081225483611,-0.0824277470393615,-0.977590317963923,-0.4295292159121757,0.974182964304208,0.1016109413558205,-0.2016005174999568,-5.124053836837208
2,5494384560092,PointCloud23.pcd,PointCloud25.pcd,0.6131,-0.9980980358595668,0.0094815329967297,-0.0609131459153682,18.475752332411524,-0.0537028029250202,-0.6189242534429055,0.7836126450346103,-2.269022987683701,-0.0302707742099777,0.7853934485544004,0.6182562666051631,-0.2952126922497977
3,5494384560123,PointCloud17.pcd,PointCloud9.pcd,0.6105,-0.5808101053591124,0.702890929252456,0.410614129186218,6.721920492488583,0.8030231564704639,0.5774224449093495,0.1474351731681505,-12.970565724849775,-0.1334669685163713,0.41536449257192,-0.89981048372728,3.1475808237422465
4,5494384560154,PointCloud18.pcd,PointCloud2.pcd,0.63,-0.8271763668130814,0.5508815278480774,-0.1109450335151536,10.30738299259436,0.2975255552893769,0.2618477111021844,-0.9181036543551576,0.1663254596141875,-0.4767156407499743,-0.7924426278705068,-0.380495570799486,4.800110691578515
5,5494384560185,PointCloud23.pcd,PointCloud20.pcd,0.6342,0.6949520061924451,-0.7152034364497039,-0.0743354126889057,6.358871223763608,0.7185847289239123,0.6945180403609112,0.0357865752844128,-1.675733657643459,0.0260326035279403,-0.0782862446651641,0.996590972992322,-7.998230107196679
6,5494384560216,PointCloud7.pcd,PointCloud9.pcd,0.6164,-0.4548976831515116,-0.8405419827914845,-0.294206174354561,6.843008072619294,0.8222022103398602,-0.2694869935228136,-0.501358440274304,-2.0645359521772875,0.3421280800747502,-0.4699637597591908,0.8136844851276017,-7.082509789191906
7,5494384560247,PointCloud4.pcd,PointCloud0.pcd,0.6159,0.6949103731433453,-0.5375544620901317,0.4776345607101373,-0.2411465372523034,0.7043178451587856,0.3748299806537902,-0.6028589043830773,-1.3503495339229858,0.1450377409113289,0.7553394507703596,0.6390824421162499,-8.599287632511528
8,5494384560278,PointCloud11.pcd,PointCloud3.pcd,0.6304,0.1323678904734513,-0.7790396879772225,0.612842480681586,-3.696754709814506,0.6300585186088766,0.5434297470957234,0.5547164799245338,-1.806653159209339,-0.765182987722542,0.31269997526036,0.5627732409880324,5.287375835059591
9,5494384560309,PointCloud8.pcd,PointCloud3.pcd,0.6024,-0.5317406210805657,-0.3291315885763468,0.7803360233220459,1.0066628980570131,-0.8430238792161078,0.1175663103105755,-0.5248703666157792,-2.565985541272078,0.0810101904965008,-0.9369367962040812,-0.3399805714368878,4.131323519406424
10,5494384560340,PointCloud19.pcd,PointCloud17.pcd,0.6556,-0.8639577193787916,-0.3364507150835211,-0.374670489157586,10.618940129949928,0.1908921286255924,0.4696818494323699,-0.8619507848726511,-7.754010110086272,0.4659798862124714,-0.8162106815238184,-0.3415594662893072,2.0357722402139053
11,5494384560371,PointCloud16.pcd,PointCloud2.pcd,0.636,-0.662757996887348,-0.2391592799010816,0.7096158653800417,7.816391684141021,-0.0052152698792835,-0.9461310185814836,-0.3237420217365208,-1.293776326669163,0.7488154903058266,-0.2182634520829351,0.6258086184792314,-7.842775159533293
12,5494384560402,PointCloud8.pcd,PointCloud14.pcd,0.6379,0.5845305569299013,0.7931723989224224,0.1708846792514445,0.9962443298406268,-0.8088023193668743,0.5528620417327653,0.2004554090012112,1.4241735957211592,0.0645200449626637,-0.2553842367859219,0.9646844330656984,-1.5092771146894333
13,5494384560433,PointCloud26.pcd,PointCloud27.pcd,0.6533,0.1453663561160799,-0.9606200407085628,0.2368074321017227,6.380241221316759,0.9057384618937292,0.2255244581562894,0.3588545073141678,-12.181980234186472,-0.3981286992367104,0.1623202272127263,0.9028541868328984,-2.1795938336273144
14,5494384560464,PointCloud9.pcd,PointCloud13.pcd,0.648,-0.8445398203692331,0.4232104051170672,0.328093652500854,1.5477251817726922,-0.3402177960275832,-0.8972039475487841,0.2815615878791219,4.828534931621344,0.4135267138611931,0.1261666735058293,0.9017081719822864,3.34492691509844
15,5494384560495,PointCloud12.pcd,PointCloud3.pcd,0.6555,0.6795663491903966,-0.7056272170134761,-0.200698300087103,-3.149917240583609,0.7245586470070517,0.6884247152070027,0.0329572228725039,-2.823398541718918,0.1149101566239755,-0.1678143083946483,0.9790985720562968,0.1060464605653768
16,5494384560526,PointCloud26.pcd,PointCloud23.pcd,0.6565,0.6700515375169992,-0.6084230090094552,0.4252674207824832,8.906298848189778,-0.0169758705625812,0.5601845435349928,0.8281938764583654,-3.0686756367506964,-0.7421204463493428,-0.5621518649727777,0.3650240044406396,7.403851967414037
17,5494384560557,PointCloud7.pcd,PointCloud11.pcd,0.6626,-0.9409768147036678,-0.1673112008603182,0.294227116793842,5.312811479231318,-0.1385958867217808,-0.6026016273008868,-0.7859150456366935,1.755727630816509,0.3087941294356843,-0.7803065044205391,0.5438455155511136,-6.515800287693409
18,5494384560588,PointCloud22.pcd,PointCloud24.pcd,0.6593,0.3617801473830455,-0.6752211449002685,0.642799759208941,2.9080282275079394,0.7504681088282961,0.6200031447107346,0.2288967413059449,-6.826159679212703,-0.553093791857387,0.3995904228436543,0.7310367647255827,9.809586600640014
19,5494384560619,PointCloud9.pcd,PointCloud3.pcd,0.6657,0.0138839514917299,-0.538202756872621,-0.8427010314374169,3.0237024308899203,-0.8371784342799841,-0.4670955827148386,0.284524139195254,2.371166099915404,-0.5467536054453507,0.7015408107180909,-0.4570568737362057,5.348471489171952
20,5494384560650,PointCloud24.pcd,PointCloud23.pcd,0.6919,-0.0910964858250486,-0.9958407941913164,0.0015946456455251,11.194794991379435,0.9726275718142212,-0.0893165205131211,-0.2145184507453868,-9.91972486904049,0.2137686525594865,-0.0179908806854272,0.976718634712712,-0.001663504403095
21,5494384560681,PointCloud24.pcd,PointCloud25.pcd,0.698,0.7666470578826486,-0.2626831048979442,0.5858753067343377,3.827377954490702,0.2837133285387305,-0.6799716654307947,-0.6761251965581122,-9.43471769661456,0.5759852739865431,0.6845700260838529,-0.4467715787045992,-3.7485859333690046
22,5494384560712,PointCloud11.pcd,PointCloud14.pcd,0.6959,-0.0841784978289845,-0.7528577115941604,0.6527780990478004,-0.8193169534702965,0.9817778194590868,-0.1746718272053237,-0.074846950498428,-4.107490276823522,0.1703710471923449,0.6345825548137592,0.753842614479061,2.220468430351313
23,5494384560743,PointCloud27.pcd,PointCloud24.pcd,0.6927,0.502578436249796,-0.8594038039749995,-0.0940213652847609,8.00330206871756,0.8642051888117667,0.5023971354999135,0.0273223328487967,-8.48390086689007,0.0237551478111278,-0.0949853670561015,0.9951951934156884,2.67796423899994
24,5494384560774,PointCloud8.pcd,PointCloud13.pcd,0.672,0.1000167662562911,0.8741299495525292,-0.4752825241505598,4.272248014666228,0.1813676996126063,-0.4856916456125327,-0.8551078194703998,-0.593775330245039,-0.9783161063811974,-0.0006757791673622,-0.2071162459046877,9.1263348834127
25,5494384560805,PointCloud29.pcd,PointCloud27.pcd,0.6866,0.621044796864198,0.6897353010334394,0.3722480017356949,3.7024675312052704,-0.645480412751566,0.7195023300253789,-0.2562643827029401,7.804557056510212,-0.4445878957438846,-0.0811271323070254,0.8920538051943185,1.9466207286780108
26,5494384560836,PointCloud23.pcd,PointCloud21.pcd,0.6892,-0.9286990695378592,-0.3441504923369339,-0.1381248596877501,16.402278999467125,0.3662001385026588,-0.9098033736500136,-0.1953337652728961,-2.540128968546215,-0.0584422518401555,-0.2319876288065796,0.9709615045307164,-1.9849485224535883
27,5494384560867,PointCloud6.pcd,PointCloud4.pcd,0.6703,-0.0471265313684463,-0.6732128646620024,0.7379454782670323,-3.947599791222215,0.300275458653009,-0.714144181302009,-0.6323232853874735,3.239112209532462,0.9526876397707194,0.1917877138037354,0.2358044398692114,-3.1357585938443147
28,5494384560898,PointCloud17.pcd,PointCloud18.pcd,0.6863,0.6687533231538842,-0.7248980790395226,0.1652022026955042,2.403570243183164,0.5046684212969265,0.605762847166219,0.61511068722527,-5.291098056472423,-0.5459659122292384,-0.3279849813602538,0.770939086235618,10.485026358531236
29,5494384560929,PointCloud26.pcd,PointCloud24.pcd,0.6983,0.0778938867069862,0.9917280281884968,0.1020199025633489,8.304929337914421,-0.9672719316513734,0.0503902485240435,0.2486882246772167,9.830974513482248,0.2414902744482682,-0.118052280617704,0.9631957778083636,3.183881701409089
30,5494384560960,PointCloud16.pcd,PointCloud9.pcd,0.7183,-0.9378282702380516,-0.3470676593486289,0.0047090738545647,15.681866949690942,0.3067264732936627,-0.8223173994037457,0.479283804461086,0.0638055036029894,-0.1624715548123292,0.450930298906743,0.8776473434157592,-1.511211072796676
31,5494384560991,PointCloud20.pcd,PointCloud19.pcd,0.7028,-0.479574984397047,-0.6417169345065769,0.5985041439355737,15.447724514991728,-0.8350860983829073,0.1242744197085096,-0.5358983829922671,3.66738384434078,0.2695163123600973,-0.7568059490870794,-0.5954877939959975,2.188120815724927
32,5494384561022,PointCloud19.pcd,PointCloud18.pcd,0.7126,0.2368433495889997,0.8540741126979305,0.4631011096668906,4.289932928407145,-0.3019913460892121,-0.3883334489863757,0.8706310121317592,-3.6497802808042175,0.923421060320095,-0.346055692653059,0.1659487961382154,-6.133817062333991
33,5494384561053,PointCloud15.pcd,PointCloud3.pcd,0.7164,-0.3154237425522629,0.8261178376268893,-0.4669445159641521,6.966844731267131,-0.8707329857517266,-0.0563342508271306,0.4885186994451996,1.0072740378461449,0.377269042141291,0.5606743890516298,0.737097211569393,3.5932823286762816
34,5494384561084,PointCloud19.pcd,PointCloud20.pcd,0.7156,-0.6056553262807365,0.690417677797405,-0.3956071990404283,12.460579551662876,-0.4454423028412776,-0.7061381538381537,-0.550408995687301,6.070785207339602,-0.6593654378167194,-0.1571379581096887,0.7352175742825273,10.74344753294464
35,5494384561115,PointCloud30.pcd,PointCloud28.pcd,0.7099,0.3858512713678561,-0.1969928408349632,-0.9012838715097368,9.756775131773637,-0.8167575256061947,-0.5272080142783454,-0.234433048110393,13.597812860035642,-0.4289824480668817,0.8265866744271012,-0.364319267827122,9.69396647855434
36,5494384561146,PointCloud21.pcd,PointCloud19.pcd,0.7003,-0.787261440861562,0.4669709166517477,-0.402687952059661,17.028340942070958,0.6101100013995358,0.4952651856041982,-0.6184482048811346,-5.754474363103348,-0.0893600018175689,-0.7325643718676644,-0.6748068102392702,1.1607960369647972
37,5494384561177,PointCloud17.pcd,PointCloud14.pcd,0.7169,0.6390800864036886,0.747537770353214,0.1810080800892578,3.2903096863112165,-0.6039653430543319,0.63345839875241,-0.4836903156352169,4.9469582384677455,-0.4762378686659817,0.1997942415220672,0.8563175541252818,-3.9203506164849222
38,5494384561208,PointCloud3.pcd,PointCloud0.pcd,0.731,-0.2734580230557082,0.7556443624128479,-0.595165781257747,0.8432903896277831,-0.9573713355380188,-0.2736824058481651,0.0924016591805074,2.2937489083401674,-0.0930636100557791,0.5950626339158265,0.798272902083332,2.329578788441144
39,5494384561239,PointCloud28.pcd,PointCloud25.pcd,0.717,-0.4769286179288842,0.7351233456406887,0.4818015775134875,16.03037159867202,0.8122873559163166,0.5780343528684113,-0.0778815659991273,-4.992355950225809,-0.3357504204300029,0.35421738184064,-0.8728125237317799,4.550833971834637
40,5494384561270,PointCloud17.pcd,PointCloud13.pcd,0.7597,0.3081087294674264,0.2487449782052984,0.9182564710600272,7.303007696690581,0.9208187409429388,-0.3205432682262352,-0.2221370287077453,-7.3065991634161875,0.2390854599389725,0.9139901252270126,-0.3278112167594035,8.71747761824146
41,5494384561301,PointCloud5.pcd,PointCloud6.pcd,0.7435,-0.174889928848339,-0.1991134383942429,0.964244445894424,4.489984307446169,0.6131132097600498,-0.7883093948691122,-0.0515799377551277,-0.8552233540537066,0.7703932144075205,0.582170195571635,0.2599464532993905,-4.488535951932658
42,5494384561332,PointCloud15.pcd,PointCloud4.pcd,0.7537,-0.8877432454455996,-0.4578332504417333,-0.0479650388895032,5.480090520650738,0.4591673104843146,-0.8880932009724518,-0.0213505824067159,0.091819505212209,-0.0328224183800562,-0.0409778132220605,0.9986208027450776,5.191753182490061
43,5494384561363,PointCloud11.pcd,PointCloud4.pcd,0.749,-0.4580403858962232,0.6110381017813167,0.6456248469967097,5.871577551250971,-0.8680169007095724,-0.1508225500283811,-0.4730742209056476,0.9814414204273652,-0.191691588158135,-0.7771003774123536,0.5994742183405306,2.513866844241703
44,5494384561394,PointCloud2.pcd,PointCloud3.pcd,0.7463,0.1231337472908494,-0.1713499431703155,-0.9774851800685488,1.5742766113370497,0.9917918042437144,-0.0129491037812577,0.1272058872311358,-1.6083120749914277,-0.0344542785893337,-0.9851251279339048,0.1683489976213007,2.6164709773253128
45,5494384561425,PointCloud21.pcd,PointCloud22.pcd,0.7616,0.5176787700311168,-0.3494730290311649,0.7809464085574968,1.428329623497027,-0.604585878861668,0.4964293582376718,0.6229235967282005,3.186181715062245,-0.6053797206218049,-0.7946234921392117,0.0457044811845585,4.854144000201033
46,5494384561456,PointCloud7.pcd,PointCloud4.pcd,0.7347,-0.017826460194356,0.9980309879173296,-0.0601362159908485,3.839675796800982,-0.988514972191514,-0.0266199989297636,-0.1487599590285961,1.829421774864492,-0.1500678748771677,0.0567936863897592,0.9870431146186636,-3.209216860671237
47,5494384561487,PointCloud16.pcd,PointCloud10.pcd,0.7374,0.3885552844759888,0.9000615041937542,-0.1972665191416427,4.086493445111689,-0.9199944114519232,0.390883855110177,-0.0286372958122013,3.989569441446229,0.0513329699414794,0.192611267797818,0.9799315413406716,2.548176040213283
48,5494384561518,PointCloud16.pcd,PointCloud5.pcd,0.7344,0.1054625475011707,0.9310649134445872,0.3492789401423833,8.699814408660975,0.924621139295318,0.0374606613847394,-0.379041485350675,-1.6460446045469888,-0.3659964478554285,0.3629253722200216,-0.8569316042463174,5.397545609126777
49,5494384561549,PointCloud6.pcd,PointCloud7.pcd,0.7582,-0.9666932669962852,0.2449984855392611,-0.0740261415144525,4.728527819994715,-0.25556784487262,-0.9395822697399772,0.2277503788305022,3.065590620166455,-0.0137551521697759,0.239083459222384,0.970901588893048,4.6304009033076445
50,5494384561580,PointCloud15.pcd,PointCloud8.pcd,0.7914,-0.5513465158350367,-0.7991316153077163,0.2395948265139409,6.533606302355945,0.3471433815821659,0.0413944749198763,0.9368980574586576,-4.64058869433661,-0.7586227600726623,0.5997292379580869,0.2545905517452446,10.017964544298682
51,5494384561611,PointCloud22.pcd,PointCloud21.pcd,0.7938,-0.2975564281215562,-0.8213964140547337,0.4865882274177686,8.484193257455765,0.6459966656722774,-0.5485042470278013,-0.5308779510704555,-8.204124932006232,0.7029569546023722,0.1563682255782472,0.6938303092296194,-5.8489946563715005
52,5494384561642,PointCloud18.pcd,PointCloud15.pcd,0.793,-0.4299263783993686,0.5626446368241209,-0.7061121170249496,11.051462537114396,0.135554837774388,0.813440626440091,0.5656317116399256,-1.4086667795428116,0.8926299317815656,0.1474630798193425,-0.4259887850376253,0.5704968962019539
53,5494384561673,PointCloud1.pcd,PointCloud0.pcd,0.7852,0.2952364276875397,-0.9546526453736132,-0.0383898221858665,-0.302396544294651,0.3123000725216381,0.0584524240240253,0.9481835153748956,-0.994593404495303,-0.902941923087681,-0.2919274581242366,0.3153953752416837,3.01063614342354
54,5494384561704,PointCloud8.pcd,PointCloud4.pcd,0.7738,-0.3212980988900114,0.9465953481285704,-0.0269217115171946,3.952492070669918,0.9104785660173764,0.3166061347860735,0.2660626547239669,-6.649249100218691,0.2603772502977298,0.0609737838515312,-0.9635797243665002,-0.2720345029094042
55,5494384561735,PointCloud22.pcd,PointCloud20.pcd,0.7736,-0.0271961654332128,0.9989095539991314,0.0379482742029952,10.04409881499186,0.1782610296374819,0.0422001430600121,-0.9830778978485374,-1.9612188148064171,-0.9836073270865332,-0.0199712507112325,-0.1792143276825683,9.076943898078753
56,5494384561766,PointCloud27.pcd,PointCloud26.pcd,0.7805,-0.0597484815590131,0.5109022015839335,-0.8575599450581178,11.46449321646822,-0.8587539111928115,0.4116616236507833,0.3050842959318781,10.598364968599668,0.5088927578207821,0.7546612803303815,0.4141431069179689,-9.79142935249908
57,5494384561797,PointCloud26.pcd,PointCloud25.pcd,0.7977,0.292551190535618,-0.6036531337912774,0.7416311043774813,4.851329547921004,-0.7995167723893966,-0.579869712215364,-0.1566015565801076,9.309383508643869,0.5245824354515067,-0.5471325350582261,-0.6522723798356975,2.43630369647094
58,5494384561828,PointCloud15.pcd,PointCloud7.pcd,0.7921,-0.4477013848668523,-0.7446550441246796,0.4950276105915447,2.7769316800828907,0.220437123246515,-0.6284352974257332,-0.7459735596147031,-0.2914889902346389,0.8665857976467786,-0.2248509333071618,0.445500968694564,-3.585581354506158
59,5494384561859,PointCloud2.pcd,PointCloud1.pcd,0.7887,-0.2953246768994864,0.0873960106945613,0.951391230004192,-4.10401784465248,-0.2289589736441145,-0.9732634175160624,0.0183332624698423,-4.656692065270557,0.9275565339115708,-0.2124152947403519,0.3074388052252379,-0.2630412696670227
60,5494384561890,PointCloud14.pcd,PointCloud5.pcd,0.814,-0.7068803089331376,-0.6942335305619134,-0.1354992025295065,7.493707547029562,0.4094176914005469,-0.2453664605302649,-0.8787334374058472,-0.3877060168730387,0.576799256943729,-0.676635134389569,0.4576762087969739,0.8401865680703886
61,5494384561921,PointCloud10.pcd,PointCloud5.pcd,0.8228,-0.1560845500811874,-0.4102166121669871,0.8985321053408123,3.858477679359611,0.4360597296363144,-0.8448525226477233,-0.3099614930362836,2.20708218992384,0.8862784694527207,0.3434334667414016,0.3107473708762874,-0.1485564685012161
62,5494384561952,PointCloud10.pcd,PointCloud7.pcd,0.8226,-0.1399296330648252,-0.1290499256235342,0.9817157503508356,5.106787999469435,0.7936679022738182,-0.607440510098013,0.0332759311236071,-1.4433903537847117,0.5920396597278097,0.7838125690421316,0.1874217114449479,-6.984324624238878
63,5494384561983,PointCloud14.pcd,PointCloud11.pcd,0.8297,0.5681064251045208,-0.7606460455154741,-0.314122083268007,0.2893786816142192,0.7801620619280775,0.6192714629185531,-0.088600295388028,-3.160953015659315,0.2619203063588086,-0.1947317351034144,0.9452392842346966,0.0039077483628475
64,5494384562014,PointCloud13.pcd,PointCloud5.pcd,0.809,-0.265614914107405,0.9531835295042348,0.1445333058003081,5.164466422645,-0.9483057927117856,-0.285324423855908,0.1389463805234443,2.196393010707708,0.1736802836046378,-0.1001555402019466,0.9796958848815632,-2.6064755946719007
65,5494384562045,PointCloud10.pcd,PointCloud6.pcd,0.8302,-0.7070861725653632,-0.6429813708792711,0.2942857476485717,5.951603270789805,0.4474517846145538,-0.0845818925406708,0.8902992777147971,-0.6896210066780242,-0.5475546045940227,0.7611969916890449,0.34750984853876,4.575044373872161
66,5494384562076,PointCloud13.pcd,PointCloud7.pcd,0.8145,-0.8536783303633108,-0.5077849666568616,0.1157053840812965,14.697272858239003,0.0666465311897669,0.1138271679475936,0.9912626371035084,-6.478294622620915,-0.5165186813160603,0.8539307954830535,-0.0633296800654945,1.790363462559314
67,5494384562107,PointCloud14.pcd,PointCloud12.pcd,0.8285,-0.1104660813877458,-0.9933872881861892,-0.031288025391908,4.169092174378884,0.9906913514166208,-0.1075374630300716,-0.0834646049134906,-10.812168896691327,0.0795480426606779,-0.0402167839980366,0.9960194371565798,-3.011302074030228
68,5494384562138,PointCloud14.pcd,PointCloud8.pcd,0.8162,0.3268613862042265,0.4261210951669596,0.8435534639027702,4.354665129065033,-0.0140812526717526,-0.89028592939211,0.4551842289113508,-2.958454899651045,0.9449673817290444,-0.1606604375076132,-0.2849997741894133,-1.8394295543853107
69,5494384562169,PointCloud14.pcd,PointCloud6.pcd,0.8237,0.3466504538762349,0.7107404725839702,0.612112280107592,2.1757038417334758,0.6694905355137685,0.2695899541859851,-0.6921731571359049,-0.8612569793252406,-0.6569747983635963,0.6497455172858935,-0.382380539622506,-0.4179447483585941
70,5494384562200,PointCloud11.pcd,PointCloud12.pcd,0.8346,0.0701370931675067,0.9974742279195355,0.0112228694342679,0.0704735695616689,-0.9974916341248512,0.0702371625972757,-0.008785262729001,2.6907254684746924,-0.0095513356629432,-0.0105785455810327,0.9998984280217884,6.193942475785961
71,5494384562231,PointCloud14.pcd,PointCloud13.pcd,0.8431,-0.2154583993561438,0.9670863114465658,0.1353578381903493,4.885184012674937,-0.9092445446564736,-0.2492359972416717,0.3334003234722361,-3.3049991678662214,0.3561629348477052,-0.0512394759109201,0.933017941922364,-6.383059805352147
72,5494384562262,PointCloud9.pcd,PointCloud8.pcd,0.8404,-0.5661080204019305,0.1573655251264261,0.8091710577735038,-0.7322088713389527,-0.6659346220207492,-0.6658555050855172,-0.3364038132087569,2.156651783390055,0.4858526406542305,-0.7292959192597984,0.4817412933518532,-9.24215349017516
73,5494384562293,PointCloud9.pcd,PointCloud5.pcd,0.8319,0.3421753553977717,-0.293667456915601,-0.8925667767215698,3.5298398083387514,0.7991015783067144,-0.4087768861480104,0.4408379803270755,-0.6581805837963546,-0.4943204362618717,-0.8640954126135959,0.0947967520224858,2.064470100676982
74,5494384562324,PointCloud13.pcd,PointCloud14.pcd,0.8583,0.998259725073592,-0.0524326733701269,-0.0269877020003161,-3.508071781315054,0.0178153445562644,0.7044087029310351,-0.7095709920320574,-5.169272526743878,0.0562150762192657,0.7078553482162002,0.7041169442694757,0.4439330777900221
75,5494384562355,PointCloud9.pcd,PointCloud7.pcd,0.8414,0.0048186806707963,0.6755105452871377,0.7373345804466698,4.956664324384373,-0.7567077509597111,0.4844962084432081,-0.4389268773288453,3.705979969746731,-0.653735542826064,-0.5558317436149441,0.5134986979884975,0.4827964390331081
76,5494384562386,PointCloud12.pcd,PointCloud11.pcd,0.8401,0.9294902431064116,0.2424979218377398,-0.2779256121237498,-2.369938696150702,-0.1542246578148159,-0.4289558700888045,-0.8900627036553433,4.584579347719616,-0.3350561787102076,0.8701675812283137,-0.3613111369545358,-3.934702210788765
77,5494384562417,PointCloud8.pcd,PointCloud5.pcd,0.8362,0.2128126890322647,0.974189570520332,-0.0752691176796145,2.820124212924231,-0.967716548679906,0.2207905789133786,0.1215574007378653,7.463110800025433,0.1350386640851702,0.0469702134603005,0.9897264057554422,-0.6775628559458475
78,5494384562448,PointCloud18.pcd,PointCloud17.pcd,0.8325,-0.2504505234676362,0.6939547390748605,0.6750565571937874,6.939841579582633,-0.2872057165107222,0.6126325339657244,-0.7363384104678352,7.2287659096242995,-0.9245471387108122,-0.3782964425450995,0.0458736292369865,2.83998175027341
79,5494384562479,PointCloud16.pcd,PointCloud15.pcd,0.8348,0.5268997472639676,0.8489656495451786,-0.0404225460046761,-0.3937962283469121,-0.7316700616622575,0.4288741998617583,-0.5298356741104595,8.364654430779286,-0.4324761001492631,0.3087462495080218,0.8471364566670561,0.450024598267942
80,5494384562510,PointCloud12.pcd,PointCloud13.pcd,0.866,-0.0510393481060732,-0.9969461854258552,-0.059104046475206,6.841572514910031,0.907335457049115,-0.0710173714335223,0.4143656613863492,-3.7556479791443063,-0.4172976795123363,-0.032478243787332,0.908189303148914,-6.108684948482814
81,5494384562541,PointCloud16.pcd,PointCloud8.pcd,0.7325,0.88092250973733,0.4385493500535526,-0.1779044670762657,3.3989549314641865,-0.0783941811059179,0.5059386708617609,0.8589996587283182,-1.5846104431371968,0.4667224916444632,-0.7427654602189315,0.4800724808806922,1.2135118741458977
82,5494384562572,PointCloud13.pcd,PointCloud8.pcd,0.8032,-0.4415206795784181,-0.7983300372282823,-0.4095468729751224,5.370336741246943,0.8799613423473956,-0.4744477447065793,-0.0238196036283095,-5.109078864232663,-0.1752926851833274,-0.3709022636786268,0.9119780618629426,-8.737798465728261
83,5494384562603,PointCloud15.pcd,PointCloud12.pcd,0.805,-0.4385960987363584,0.278127262870218,0.8545634486810015,8.055639429004529,0.2388541452701686,0.952780702347857,-0.18750368135261,-8.445597808182754,-0.8663614485077827,0.1218776389738682,-0.484317748650255,9.468722509472771
84,5494384562634,PointCloud15.pcd,PointCloud2.pcd,0.6262,0.3617180914397002,0.892912281031838,0.2680814814711019,1.8104866930408363,0.9209275397187712,-0.386972148159168,0.0463143944860617,-8.82516212594543,0.1450947583917222,0.2301308647956616,-0.9622823370277817,-3.7688982470525447
85,5494384562665,PointCloud17.pcd,PointCloud7.pcd,0.6873,-0.4766284706744599,-0.8790979155866376,-0.0034865102544889,1.2262202200859502,0.0181564487156837,-0.0058787593715317,-0.9998178751944208,-3.329246925850235,0.8789173136948438,-0.4766049674515371,0.0187632803091295,-5.46068916184566
86,5494384562696,PointCloud16.pcd,PointCloud17.pcd,0.7271,0.3705179209195238,-0.9120741253998172,-0.1756054100921504,6.964302726738848,0.925612527916341,0.3468657187820564,0.1514120909905431,-5.585058133517994,-0.0771875536715256,-0.2186434607070748,0.9727472018197942,-5.510981023047479
87,5494384562727,PointCloud16.pcd,PointCloud3.pcd,0.7055,0.2954392795724803,-0.0246331542486274,-0.9550438941731724,6.621225657630069,-0.9520315529709436,-0.0909837538083872,-0.2921607069588048,5.191063900391407,-0.079696638783751,0.9955476705083984,-0.0503317147718433,-1.4477165746260074
88,5494384562758,PointCloud8.pcd,PointCloud10.pcd,0.7674,-0.9729627776824792,-0.1555189284909269,-0.1707550764265258,5.130826242743404,-0.0405229855650368,0.8428002813083771,-0.5366987734916265,6.101357191378077,0.2273792446229219,-0.5152684239380038,-0.8263153940277012,1.4061757516870372
89,5494384562789,PointCloud4.pcd,PointCloud1.pcd,0.6595,-0.2093064668020853,-0.8885864366611167,0.4081726932766655,-2.6097072365371354,0.3480494784663262,0.3223838414726773,0.8803012094145037,0.1341587257528438,-0.9138119957048856,0.3263170288832915,0.2417950230394231,2.2892593745456
90,5494384562820,PointCloud10.pcd,PointCloud9.pcd,0.914,0.2012197039546294,0.571040099570398,0.795879284454019,1.3747776701254042,-0.2578386601623998,-0.7529683550371683,0.6054402378751178,-7.3158548471396285,0.945002569343634,-0.3270349537820854,-0.0042758553155484,-8.87840070526759
91,5494384562851,PointCloud10.pcd,PointCloud11.pcd,0.9235,-0.0648059392669229,-0.0738548045155113,0.995161121671113,8.79721083414704,0.944442806054812,0.3174773117587771,0.0850643439387712,-4.592027401094608,-0.3222234881678324,0.9453854369347964,0.0491772234327937,-1.177018032891405
92,5494384562882,PointCloud9.pcd,PointCloud10.pcd,0.9066,-0.9262108464597544,-0.3037266661907773,-0.2233463233298054,13.214024155250872,0.2565841815714557,-0.0737899613231987,-0.963700990647632,2.486125270362843,0.2762209725339697,-0.9498974438604189,0.1462765206033798,-3.3881884202179284
93,5494384562913,PointCloud18.pcd,PointCloud6.pcd,0.6788,0.6793389039857621,0.6448226119841171,0.3502890986105679,2.7343200347812573,0.4613849078520294,-0.0041307061260146,-0.887190455355148,-0.4119826575843329,-0.5706335254239779,0.7643210950516028,-0.3003175707835309,5.043724976377179
94,5494384562944,PointCloud0.pcd,PointCloud1.pcd,0.7341,-0.5372292938834851,0.3038519589081629,-0.7868028170139734,4.148693223018016,-0.473254622839086,0.663570530463252,0.579399873198254,1.146262344267262,0.6981509491183739,0.6836286551691572,-0.2126901833106625,-1.7661194023088682
95,5494384562975,PointCloud16.pcd,PointCloud3.pcd,0.7055,-0.0141417569838323,0.1232979435828505,0.9922689291808195,6.711136762807648,0.986051751330634,0.1663076219997425,-0.006612001405041,1.368643417418686,-0.1658371321725015,0.9783350100926732,-0.1239300351802148,4.921239574713336
96,5494384563006,PointCloud17.pcd,PointCloud4.pcd,0.7135,0.6033251792494443,-0.7920970711357705,0.0926334603788499,2.316061574585208,0.7802085353957021,0.6103056132896857,0.1371192899733438,-5.687982091962025,-0.1651465088317619,-0.0104541037509059,0.9862136392970065,-0.1765932264009062
97,5494384563037,PointCloud12.pcd,PointCloud6.pcd,0.8075,-0.5803398385156446,0.8131925980136677,0.0438573866915988,3.491751863205123,-0.8131743259475969,-0.575721118152418,-0.0853973637356613,-0.9059046879660384,-0.0441948803743903,-0.0852231931407795,0.9953812434939602,-4.4892891709801725
98,5494384563068,PointCloud3.pcd,PointCloud2.pcd,0.7865,0.5895105175560211,0.7669087874722764,0.2536301665587798,2.002902464944184,-0.4314454853574896,0.5643983269419685,-0.7037821550094508,5.802963588749568,-0.6828851608107119,0.3054593921340597,0.6635980838592126,6.55483364240742
99,5494384563099,PointCloud15.pcd,PointCloud13.pcd,0.8168,0.48112560751946,-0.2691794707105056,-0.8343024405675933,0.9707561960155072,-0.1213086911185855,-0.9629790930113018,0.240739419045212,5.935862014309941,-0.8682179169126413,-0.0146177621797132,-0.4959677104214862,10.246083682233053
