,id,source,target,overlap,t1,t2,t3,t4,t5,t6,t7,t8,t9,t10,t11,t12
0,2318808360030,PointCloud20.pcd,PointCloud16.pcd,0.6048,0.4432774561097587,0.6840380875995671,0.579307337790562,2.906695089070113,0.0355392854972942,-0.659174381000772,0.7511498483116343,13.324203245365954,0.8956796615370939,-0.3123796250483961,-0.3165073676289713,3.510880478031587
1,2318808360061,PointCloud7.pcd,PointCloud10.pcd,0.6086,0.2054492271712285,0.9503998341306188,-0.2335182441250297,4.216350005261551,-0.9452237386868392,0.254541307402598,0.2043546100499074,1.834122305268135,0.2536586266572034,0.1787424910598154,0.9506357993533134,1.9723413489918384
2,2318808360092,PointCloud12.pcd,PointCloud9.pcd,0.6088,0.2718300155020688,-0.9046428578828254,0.3282220930311351,4.731427740957739,0.1134677811375323,0.3688147593547133,0.922551210462514,1.0016888106034996,-0.9556325158322472,-0.213534477224918,0.2029027395586637,6.373200866053279
3,2318808360123,PointCloud10.pcd,PointCloud11.pcd,0.6035,0.7862584209910634,-0.5294029622608293,-0.3186380375443243,0.6190004952560337,-0.0492523151952446,-0.5677363627311994,0.8217357433388521,-3.0764153814600617,-0.615931737182415,-0.6304029869711965,-0.4724618176628091,-2.992288373277276
4,2318808360154,PointCloud1.pcd,PointCloud2.pcd,0.6179,0.6400897525503364,0.7680052336919463,-0.0212854340295954,9.026995173860398,-0.768300034737651,0.6398586282081309,-0.0172044334325018,-1.6217516350508137,0.0004065737001254,0.027365981242923,0.9996253987211602,-3.0034323459297334
5,2318808360185,PointCloud16.pcd,PointCloud13.pcd,0.6169,0.6581122117212703,-0.3158877914866257,0.6834495006750972,5.451482044513255,-0.1442363963926834,0.8380255709947716,0.5262214403789907,6.305222146993159,-0.7389750866835704,-0.444891049076725,0.5059523452978754,5.897980104846374
6,2318808360216,PointCloud2.pcd,PointCloud0.pcd,0.6259,0.6786828284694492,0.4400637463540469,0.5879910862296719,3.8656203709314663,0.7127835328117456,-0.5876223898944529,-0.3829354544138462,-1.3691858877831398,0.1770007166457685,0.6790020810274241,-0.7124794174341543,1.7306602162946976
7,2318808360247,PointCloud22.pcd,PointCloud18.pcd,0.6056,-0.3408456576355208,-0.8972428206588264,0.2806769645824223,4.576131989370016,0.9399622610224124,-0.3197900508380296,0.1191858684519457,3.9957743980736335,-0.0171809640196189,0.3044497399591653,0.9523734405757822,2.584153349022253
8,2318808360278,PointCloud15.pcd,PointCloud16.pcd,0.6161,-0.023994047944145,0.5073716880092015,0.8613932063058934,-1.0834340578817043,-0.9233216512100773,0.3190956604290538,-0.2136705124766695,-1.3081096460386554,-0.3832772026483583,-0.8004698181081153,0.4608108681747968,4.88130158018815
9,2318808360309,PointCloud9.pcd,PointCloud10.pcd,0.616,-0.2722493342591281,-0.924692207598874,-0.2661289559619228,4.589501362251561,-0.32815918337356,-0.170768442849972,0.9290584961638284,-5.2863035442779385,-0.9045395792131266,0.3402682179289117,-0.2569546448391679,6.031842183738373
10,2318808360340,PointCloud33.pcd,PointCloud31.pcd,0.6306,0.3773433536527257,-0.8853618366013921,0.2715629056847122,15.295520547600866,-0.9194358027054628,-0.393215513508233,-0.0044005272204993,22.384691896013795,0.1106788062705577,-0.2480241484740278,-0.9624106314958588,0.831837672230755
11,2318808360371,PointCloud8.pcd,PointCloud9.pcd,0.6467,-0.8243025439282307,-0.4828452211141436,-0.2956109073100676,4.065253456340948,-0.0054052367989438,-0.5154070697324723,0.8569284310168114,-1.9123210102003212,-0.5661237492709478,0.7079661326059464,0.4222414659817115,-5.04323541555643
12,2318808360402,PointCloud25.pcd,PointCloud22.pcd,0.6328,0.7242784416338302,0.636613214084098,0.2648477952296095,-3.9523001558366095,-0.6836778952616339,0.7129059889454432,0.1560435402582947,-0.4939518325547736,-0.0894721996772906,-0.2940895553725672,0.95158082100559,5.702401500996766
13,2318808360433,PointCloud26.pcd,PointCloud24.pcd,0.6383,-0.626733989245465,0.7199103515615293,-0.2982173577091399,8.842675099789675,-0.5478184384184404,-0.6792328409864002,-0.4884032209704655,15.708721811336137,-0.5541655576208676,-0.1427299318296597,0.8200784726516444,8.881721061146628
14,2318808360464,PointCloud18.pcd,PointCloud15.pcd,0.6293,0.7887740180159223,0.6080332038587354,0.0901730087570514,-0.1096078213207434,-0.4550764034795446,0.6762604303739674,-0.5792903393865111,5.330698036006586,-0.4132081987317536,0.4158935600796171,0.8101182204994292,0.0050416068429499
15,2318808360495,PointCloud36.pcd,PointCloud33.pcd,0.6516,0.1014961318380964,-0.9941479426661296,-0.036991935805053,24.52239368818362,0.9941385092052892,0.0999627466164738,0.0411834166136699,2.6379605344408468,-0.0372445933927087,-0.0409550653960175,0.9984665857610956,-0.4124696607253931
16,2318808360526,PointCloud5.pcd,PointCloud3.pcd,0.6459,0.4718845820773628,0.7504261705175684,0.4628017975332526,-0.0425639027272373,-0.7109446825495122,0.6343185650930859,-0.3036406038935202,6.674504449470751,-0.52142362772725,-0.18574315756061,0.8328366465683222,-3.340277438202417
17,2318808360557,PointCloud4.pcd,PointCloud2.pcd,0.6472,0.8660141495301644,-0.3651510325748093,0.3415907144860594,-0.6127656354762381,0.5000190365315726,0.6333492112355277,-0.5906350309060348,2.189610703858621,-0.000675218174933,0.682300153918263,0.7310718460203011,3.271399571204184
18,2318808360588,PointCloud32.pcd,PointCloud30.pcd,0.6364,-0.3602011852838014,-0.9285910712314605,-0.0892957364567487,21.74721527677024,0.8189277079331418,-0.360595620148747,0.4464618773298693,12.786076495448617,-0.4467801643980126,0.0876893446135228,0.8903359273564869,-3.1518570695675656
19,2318808360619,PointCloud35.pcd,PointCloud32.pcd,0.6449,-0.9088300737444066,-0.0760048202579638,-0.410184305349792,12.773059651086372,0.4087612647518198,-0.3586303911986161,-0.83922492273956,15.86964099581802,-0.0833194184823046,-0.9303803038576658,0.3570019113359036,11.774466843334254
20,2318808360650,PointCloud31.pcd,PointCloud32.pcd,0.6522,-0.3528028481134718,-0.8700104681022633,0.3444008358809587,21.04780333007889,0.9356518937461178,-0.3316607589148715,0.1206510452723671,9.878015463508945,0.0092565702247554,0.3648053266997235,0.9310378024114712,-5.195792168556241
21,2318808360681,PointCloud21.pcd,PointCloud22.pcd,0.656,0.1422654061609002,-0.9617849197977876,-0.2339451265990334,7.86184420841797,0.9891109170800648,0.1471328574591144,-0.0033935186678132,-7.385945700829227,0.037684850044905,-0.2309148984051908,0.9722438797810008,-0.0542205642906381
22,2318808360712,PointCloud20.pcd,PointCloud17.pcd,0.6565,0.7446695088237318,0.6577875676199503,0.113061215776462,-1.774413419704452,0.6024041689389468,-0.7353349107964351,0.3104702662236372,12.166273140320444,0.2873613402550859,-0.1630891929240826,-0.9438354598541911,0.2303414335509951
23,2318808360743,PointCloud4.pcd,PointCloud5.pcd,0.6587,0.0923514891271156,0.8431129598582684,0.5297468634876795,0.5103664481852149,-0.817311243932694,-0.2396983658492117,0.5239723503682324,-2.870908098149969,0.5687473366945964,-0.4813576947844993,0.666949200970026,-7.378112036124698
24,2318808360774,PointCloud12.pcd,PointCloud10.pcd,0.662,-0.992273969192824,-0.0914336896942135,-0.0838585144825585,9.937057716782924,-0.0988697170780508,0.1744488707859937,0.9796899359115612,-0.3003437821786301,-0.0749476424394083,0.980411888886704,-0.1821410964674933,6.56865253188335
25,2318808360805,PointCloud14.pcd,PointCloud12.pcd,0.6685,0.4720296588819021,0.6422004599182976,-0.6039590800845387,4.230330716349432,-0.5434618351774061,-0.3274515355063776,-0.7729325491917917,5.020298718487296,-0.6941449667334922,0.6930757975685219,0.1944446038935417,12.669980210055051
26,2318808360836,PointCloud23.pcd,PointCloud24.pcd,0.663,-0.3853354417130471,-0.9028868259491164,0.1905570174182537,14.191969783181824,0.908841991753136,-0.3355847505428267,0.2477682571059107,1.8455462937111704,-0.1597586660748105,0.2686601100473207,0.9498941593058452,-7.184239013238932
27,2318808360867,PointCloud3.pcd,PointCloud4.pcd,0.6637,0.3963297619627439,-0.761818377347546,-0.5124016780984493,4.828875061414017,0.652111538334901,0.6264465432936513,-0.426983922374045,-4.553427631174652,0.6462764589191252,-0.1649166102337404,0.7450699633698629,0.595814956700915
28,2318808360898,PointCloud34.pcd,PointCloud35.pcd,0.6689,-0.6936905399032668,-0.4760061093395329,0.540566016986043,22.221696005992836,0.7101537832052145,-0.5773591960343695,0.4029118550674177,19.19035444602316,0.1203122564331477,0.6633811443099564,0.738546151791462,-13.900624215161404
29,2318808360929,PointCloud15.pcd,PointCloud13.pcd,0.6615,0.2266339158655445,-0.3904186544663103,0.8923061932006104,0.7958393044772292,0.0711405310608939,0.9203326543958052,0.3846125714184928,3.278069324408618,-0.9713784499461696,-0.0236871166984733,0.2363531837794651,-0.1959241100773301
30,2318808360960,PointCloud16.pcd,PointCloud15.pcd,0.6869,0.4546572152378334,0.773695064495056,0.4412286978519977,-2.182124848359184,-0.8827770419248855,0.4572394657900578,0.1078738391565417,4.800881685252776,-0.1182857171535403,-0.4385521840100828,0.8908874625997714,8.11038490887723
31,2318808360991,PointCloud13.pcd,PointCloud11.pcd,0.68,-0.2891308508291911,0.8925822634961166,-0.3459772449033849,5.844188404865077,-0.1752674532430086,-0.4046622442851747,-0.8975131129313907,3.018029774966075,-0.9411082142519518,-0.1988601793779599,0.273440959121467,4.464358911905787
32,2318808361022,PointCloud26.pcd,PointCloud25.pcd,0.6992,-0.0643743782899345,0.9979254497644996,-0.0008579814131077,-2.2168259599644493,0.6088285655719952,0.0385931916046962,-0.7923625075085958,4.933123161915535,-0.7906855994409729,-0.0515302073941493,-0.6100499328436852,-1.4843075459290924
33,2318808361053,PointCloud22.pcd,PointCloud20.pcd,0.6977,0.1692660676282285,0.2904743788538688,0.9417927763468644,3.422120738778826,0.9465304298726518,0.2183756081793369,-0.2374705014889169,-0.8775793710804374,-0.2746436667297626,0.931631219411288,-0.2379792582211047,-3.955786847371345
34,2318808361084,PointCloud19.pcd,PointCloud17.pcd,0.6936,0.2913617898391468,-0.9235741704071284,-0.2492369538782584,2.8020392432215546,0.8948628619528327,0.3552320106809767,-0.2702418858821402,3.77592591658283,0.3381253698250311,-0.1442947342917777,0.9299732597964044,-3.0779747917245994
35,2318808361115,PointCloud36.pcd,PointCloud34.pcd,0.6884,-0.3598349281976977,0.0623466344006278,0.9309305675655256,13.288362255492968,-0.8556893805790329,0.3756636146562552,-0.3559108492132086,13.86527209752484,-0.3719065856007776,-0.924656555593649,-0.0818275368348605,13.528296397676206
36,2318808361146,PointCloud23.pcd,PointCloud21.pcd,0.6899,-0.0567708193861162,-0.9369990584942812,0.3446880306118272,11.99616248648203,-0.2088191021842316,0.348752653626332,0.9136553886184676,4.471106798285431,-0.97630510427284,-0.0201084800376017,-0.2154622760516952,10.395666967883004
37,2318808361177,PointCloud34.pcd,PointCloud32.pcd,0.6937,0.5422072675216048,-0.7242205621175892,0.4260467773060113,17.11450396716262,0.1889442679650231,0.5991540622402434,0.7780195841392273,-1.551015903018511,-0.8187254378910652,-0.3413487763374841,0.4617030108662773,12.43774574043228
38,2318808361208,PointCloud31.pcd,PointCloud30.pcd,0.6943,-0.0905472707591197,-0.8350645050600177,0.5426494855308925,20.822249379622917,0.9473086127231372,0.0958910128847114,0.3056326322703601,1.5654876934150543,-0.3072581716059634,0.5417307320402007,0.7823811283157005,-2.4935200659473846
39,2318808361239,PointCloud19.pcd,PointCloud20.pcd,0.6905,0.908479179249993,-0.0244029112584034,0.417217064357839,-3.317955157504068,-0.4143449463476607,-0.1830706900590543,0.8915174635852376,10.411261420245737,0.0546245943272149,-0.9827968357516296,-0.1764271332056693,3.420730600952191
40,2318808361270,PointCloud8.pcd,PointCloud7.pcd,0.7168,0.526120020366488,0.7132525455482919,-0.4631074718015762,2.642340382972039,0.481032070227575,-0.6986781265717203,-0.5295819321529049,0.0231773144695429,-0.7012887219841335,0.0558541110314399,-0.710685898761716,6.271597422686151
41,2318808361301,PointCloud36.pcd,PointCloud35.pcd,0.7126,0.6897590719014224,-0.4087481036333212,-0.5976264807602254,8.780153229350134,0.6584191673679406,0.6974645119515377,0.2828912416649039,4.197493214083426,0.3011920031677406,-0.5886155301590053,0.7502100605053472,8.496914414853347
42,2318808361332,PointCloud3.pcd,PointCloud2.pcd,0.7087,0.3335555118816549,0.933488071436205,0.1316842472723368,2.974625699439531,-0.5511456792299214,0.3064195915745058,-0.776109189589649,3.392103652739247,-0.764839303879943,0.1862982941028387,0.6166958609029385,-7.889545624344985
43,2318808361363,PointCloud14.pcd,PointCloud13.pcd,0.7063,-0.9926246153741394,0.0799725098892642,0.0911085649944787,9.765656908767966,0.1115114475676807,0.3075127349069653,0.944987362313062,-3.452859094386993,0.0475559671829099,0.9481773650177744,-0.3141625605530487,5.460006888598292
44,2318808361394,PointCloud23.pcd,PointCloud22.pcd,0.7142,-0.3011334598170495,-0.7588505034104328,-0.5774638974449802,6.100341930290749,-0.8692518684032254,0.4674316338243071,-0.1609622843334456,11.78491625037433,0.3920712035537875,0.4534904422080713,-0.8003915230496964,-6.8810890693790085
45,2318808361425,PointCloud12.pcd,PointCloud11.pcd,0.7006,0.3774347234001889,0.5997814273459539,0.7055531652417646,2.3946021835117928,-0.0090899795101158,0.7642695939798626,-0.6448328155346634,1.0081292243437012,-0.9259915776314211,0.2369688315553458,0.2939138836920869,9.563913220012113
46,2318808361456,PointCloud21.pcd,PointCloud20.pcd,0.722,-0.928687333013018,-0.3354530660269304,0.1581489108223633,14.655775795529731,0.3081967863483311,-0.460875171219988,0.8322312283479321,2.322860655739281,-0.206287610839161,0.82162358598453,0.5313944905324032,-6.587675919763422
47,2318808361487,PointCloud29.pcd,PointCloud28.pcd,0.7103,-0.8084020856800346,-0.2449680998739118,-0.5352351800025249,13.452684558265435,0.0606098861814582,-0.939096840101474,0.338265526781103,13.72409091853177,-0.5855019295999294,0.2410140140232339,0.7740153328450075,3.3839215338546347
48,2318808361518,PointCloud24.pcd,PointCloud23.pcd,0.7011,-0.911139266977132,0.2654861931882418,-0.3151861630826933,7.4537815215596925,-0.3283491763510916,-0.0055211989421224,0.9445402769346588,6.427903526422072,0.2490221969261663,0.9640988526020852,0.0922027540229064,-1.3532813054606918
49,2318808361549,PointCloud5.pcd,PointCloud4.pcd,0.722,-0.8040606516604053,0.5530237128752555,-0.2182916431041547,6.522293731909794,-0.0935568987253206,0.2448929670872425,0.9650256687633274,-1.621415240812306,0.5871401665295475,0.7963618572413385,-0.1451696152050473,3.58604654191472
50,2318808361580,PointCloud20.pcd,PointCloud19.pcd,0.7311,0.4210871391896383,0.5441220192618033,0.7256837116564929,0.1622303626900558,-0.8449957126340382,0.5261159461530298,0.0958345283997169,5.445627543532542,-0.3296480954581418,-0.6535543124775169,0.6813214320736284,6.294359927082354
51,2318808361611,PointCloud34.pcd,PointCloud33.pcd,0.7353,-0.7548564997864875,-0.381479393057028,-0.5335401928654802,21.66995933102672,0.6551567473689642,-0.4770030004894314,-0.5858649792409497,13.9670237964975,-0.0310048561843381,-0.7917964449256644,0.6099976136806335,15.98526439398722
52,2318808361642,PointCloud4.pcd,PointCloud3.pcd,0.7289,-0.0183736864973172,-0.878366870475725,0.4776338016673219,4.246003396466542,0.9839414172741116,-0.1007144487853638,-0.1473631133576926,-2.8813437353615163,0.1775435017597381,0.467256076104464,0.8661120391302436,-8.46620912967344
53,2318808361673,PointCloud18.pcd,PointCloud17.pcd,0.73,0.5205079709093019,-0.3244079425511614,-0.7898296898886517,4.810638531662476,-0.7735871065509039,-0.5707214766998849,-0.2753906037098996,11.610191041754351,-0.3614338678072127,0.7543450688134872,-0.5480228794117026,-6.406580378508318
54,2318808361704,PointCloud19.pcd,PointCloud18.pcd,0.726,0.7357938996031925,0.0410170300417046,0.6759622330820599,-0.9418095973686818,0.5648652148283914,0.5134098236763891,-0.6460167505796227,3.297516034107384,-0.3735433393645274,0.8571627361237405,0.3545947227713076,-2.677103130952315
55,2318808361735,PointCloud30.pcd,PointCloud29.pcd,0.7088,-0.6029190065009749,0.4839853480902181,-0.6342293389885619,8.23371168729116,0.3891772995338345,0.8723904331278001,0.2957633542456566,-2.9884843408360404,0.6964407376995044,-0.0685063137315102,-0.7143368840060622,6.803263396011968
56,2318808361766,PointCloud30.pcd,PointCloud29.pcd,0.7088,-0.919820288454338,0.2115335418078558,-0.3304303219106904,20.80125510751454,-0.1999721672773246,-0.9773673135255782,-0.0690236681595803,15.402967698919356,-0.3375526170276096,0.002587497249903,0.941303105060104,3.0311878634973937
57,2318808361797,PointCloud25.pcd,PointCloud26.pcd,0.6561,-0.6254120021158691,-0.7736464819031097,0.1016412743346003,18.304290907238723,0.7792635874351419,-0.6125696533538687,0.132312815281189,6.136333973567499,-0.0401009838673963,0.1619553667800556,0.9859829462338608,4.330353952598799
58,2318808361828,PointCloud16.pcd,PointCloud17.pcd,0.6792,0.4929227408793865,0.1286965737860327,0.8605023901301434,1.4068506498724167,0.4390543772645504,0.8170542400182894,-0.3737025858526716,-0.5611900206167446,-0.7511713688159254,0.5620138439254604,0.3462398213772315,5.395565087907168
59,2318808361859,PointCloud6.pcd,PointCloud3.pcd,0.6185,0.4297421441613492,0.5591838589088273,-0.7089676307614041,3.2457709541218662,0.4897991349156151,0.5152516051365366,0.7032869903816915,-2.9698212519888165,0.7585634429416706,-0.6494837914375194,-0.0524624407783668,-5.444369956473611
60,2318808361890,PointCloud6.pcd,PointCloud5.pcd,0.7718,0.712496118908309,-0.6980718581253644,-0.0710278919439255,-4.09303833270662,0.4417367983960352,0.5248935074689035,-0.7275681457841683,0.1821461008449073,0.5451769267709498,0.4870138465284054,0.682348614570433,2.889123051992088
61,2318808361921,PointCloud33.pcd,PointCloud34.pcd,0.6837,0.6825760059181633,-0.5885054566091609,0.4333028083062131,10.286358955329488,0.7053370046121196,0.3753105608090782,-0.6013665212413959,7.08094349079383,0.1912843591870769,0.7161028630625761,0.6712726595385596,-10.1446846097341
62,2318808361952,PointCloud27.pcd,PointCloud26.pcd,0.6955,0.7411859155724406,-0.5150987523843702,0.4304842782833168,5.2294085161650985,0.6293667212768193,0.7562906950202701,-0.1786670500540689,-1.6358484918063754,-0.2335400794431423,0.4033579798613411,0.8847380241494476,0.6025758489325326
63,2318808361983,PointCloud22.pcd,PointCloud23.pcd,0.6464,-0.6440039858759286,0.7589776633366678,0.0959779804534816,3.270891687238104,0.2026979680413538,0.2902591315160709,-0.9352342863279997,2.902707773096328,-0.7376804185606551,-0.5828400665084277,-0.3407712677803522,3.5830212448294767
64,2318808362014,PointCloud27.pcd,PointCloud26.pcd,0.6955,0.4574659383443605,0.6550184651575774,0.6013948167030752,-1.8523681517751167,0.1396683005103454,0.6149894742850364,-0.7760674663656288,3.194349698035208,-0.878190002839514,0.4390202237041321,0.1898514210942554,10.4397321307543
65,2318808362045,PointCloud29.pcd,PointCloud26.pcd,0.63,0.1261355888702584,-0.9917530605020394,-0.0227085932015004,17.914667531772984,0.9919398526136588,0.1258152315739966,0.0150285162532527,1.5275271853208985,-0.0120474900766015,-0.0244211893408101,0.999629162986972,-3.0970115569002816
66,2318808362076,PointCloud7.pcd,PointCloud4.pcd,0.6323,0.917279025259038,-0.3808302886489891,-0.1164795306796706,0.302438878238545,0.0009256703245154,-0.290442336238793,0.9568920484854088,-1.535997851163522,-0.3982440620452225,-0.8778448271577838,-0.2660641397821989,2.0761371550992367
67,2318808362107,PointCloud17.pcd,PointCloud18.pcd,0.6784,-0.7996400578065789,-0.4190826942644967,-0.4300528727018355,13.646594421769644,0.567911313639228,-0.2951532903935344,-0.7683497087983023,3.061438217667556,0.1950705456793954,-0.8586350974295659,0.4740181976153051,-1.1454579474368585
68,2318808362138,PointCloud28.pcd,PointCloud29.pcd,0.6559,0.6746787624825568,-0.7371020936725879,-0.0385884821999156,2.972501301219296,0.549103347169989,0.4662909378175513,0.6935836470361328,2.634850433166852,-0.4932484988134482,-0.4891352213986598,0.7193418197252012,7.676248690842355
69,2318808362169,PointCloud0.pcd,PointCloud1.pcd,0.6088,0.4554899481938456,0.0021612176701616,-0.890238303058541,1.6752771178156252,-0.6319457180700077,-0.7035565740369893,-0.3250426995677911,1.0371141614479438,-0.6270354986022328,0.7106359660666755,-0.3190971752070717,5.952032035691148
70,2318808362200,PointCloud20.pcd,PointCloud18.pcd,0.7063,0.6880953657489102,0.7056905268201232,-0.1688953758727892,0.0754473347308279,-0.1054293413456871,0.3275212187296989,0.9389432918260971,0.7962182909357166,0.7179202056066457,-0.6282759995719636,0.2997663202288774,0.2269976937708566
71,2318808362231,PointCloud21.pcd,PointCloud18.pcd,0.6501,-0.2230379781032613,-0.9699051766995184,0.0976627284847481,13.420554583076608,-0.9745274148832596,0.2242626522510421,0.0016063767552201,6.685061678230571,-0.0234601356466808,-0.0948167232971308,-0.9952182730530198,0.0678623493123331
72,2318808362262,PointCloud28.pcd,PointCloud27.pcd,0.7144,0.7226117638120497,0.1835069776769403,-0.6664513695269245,4.312279580336341,-0.6844698359115495,0.3246930101640818,-0.6527445847173332,21.296666976454112,0.0966089153632046,0.9278467752244776,0.3602319796712706,-5.441796923866718
73,2318808362293,PointCloud29.pcd,PointCloud27.pcd,0.6741,0.6095707392288523,0.6746955840800029,0.4161843133744169,-8.035075303322014,0.7365304423384185,-0.6761801413021349,0.0174161998552753,12.353744726367031,0.2931662009590542,0.2959160106036326,-0.9091134655716342,-8.083161822501918
74,2318808362324,PointCloud30.pcd,PointCloud29.pcd,0.7088,0.5390881922399892,-0.7629541314432782,-0.3567701140805565,14.524688945254546,0.8386492567474904,0.4471242957052548,0.3110422613519933,-2.552019297735128,-0.0777903923650109,-0.4668842013858604,0.8808903435456567,12.5132916037431
75,2318808362355,PointCloud7.pcd,PointCloud4.pcd,0.6323,-0.4459619231272629,-0.8950465007249824,0.0031184388077113,6.016406582544126,-0.6970101748028943,0.3494707440866034,0.6261365787500315,1.2555662755054364,-0.5615111569166475,0.2770594892212139,-0.7797071630366159,3.554606366411687
76,2318808362386,PointCloud10.pcd,PointCloud8.pcd,0.6091,0.8795395214317443,-0.4758162087457782,0.0030274963933965,1.7724474025079249,0.3523880213711366,0.6470824346007962,-0.6760968904123443,3.940451761810605,0.3197388194038275,0.5957207888985412,0.7368065071919128,4.542646796105148
77,2318808362417,PointCloud20.pcd,PointCloud18.pcd,0.7063,0.1460418864811547,-0.8549111812752381,-0.4977937720819765,8.949177724777286,0.9362032952429872,-0.0431676479697727,0.3487978557057521,-0.0420222597057842,-0.3196797731624546,-0.5169752666224324,0.7940663803054924,5.7442196746487255
78,2318808362448,PointCloud32.pcd,PointCloud33.pcd,0.6844,-0.0264663394601744,-0.952277450866432,0.3040841815137864,21.37329999598775,0.987833425721446,0.0217185540157768,0.1539916473023662,-1.7084031423888613,-0.1532470420693704,0.3044601139440015,0.9401166859035076,-2.2321875034064425
79,2318808362479,PointCloud18.pcd,PointCloud16.pcd,0.6998,0.2873628491888977,-0.9525553728106811,-0.1003038116700592,11.633246905714,0.9578195619432116,0.2860083452966577,0.0279448238423826,-5.848107787246844,0.0020687351093916,-0.1041032571544794,0.994564342908429,-4.6900693847890205
80,2318808362510,PointCloud32.pcd,PointCloud33.pcd,0.6844,-0.9363037312732798,-0.3505450805295279,0.0212948190948102,19.03274448081572,0.3483640173384502,-0.934735607512365,-0.0700846307852591,19.88833395549612,0.0444728482059542,-0.0582021525807847,0.99731372957932,-0.8186608672735116
81,2318808362541,PointCloud23.pcd,PointCloud19.pcd,0.6054,-0.4076447034280955,-0.9106601898702912,0.0672593068089862,22.42705388013805,0.8394866015721013,-0.3447645912222378,0.4199995505001014,5.563022159929897,-0.359288242985968,0.2276738791007184,0.905028487522513,1.380264767925753
82,2318808362572,PointCloud18.pcd,PointCloud16.pcd,0.6998,-0.1061546842892527,-0.9340207434075142,0.3410812716757163,6.92359844306121,0.8236055376305932,-0.274787635304858,-0.4961508579734454,1.474629543010444,0.5571401092971774,0.2282476864461917,0.7984346512046495,-3.5903601573674804
83,2318808362603,PointCloud12.pcd,PointCloud13.pcd,0.6749,0.9973431226443842,-0.0641658334085266,0.0344882811537196,0.0684698205447533,0.0136135700331935,-0.3009225823628837,-0.9535513987903352,1.8329735767595696,0.0715637228272827,0.951487438302284,-0.299249541901165,-5.647746824637657
84,2318808362634,PointCloud30.pcd,PointCloud28.pcd,0.6725,-0.7999165715874834,-0.1868122345664581,0.5702934924370199,11.926657113724064,-0.144189458425653,0.9823044709064204,0.1195296051870596,-1.0531329555773288,-0.5825314399915625,0.0133834021662701,-0.8126979795519444,12.48425187010024
85,2318808362665,PointCloud25.pcd,PointCloud26.pcd,0.6561,-0.6592558941988516,0.7095205991374058,-0.2489220467611686,5.616283919317252,0.1386523701495259,0.4400830970939025,0.887187910143143,1.653445122554165,0.7390244828258341,0.550370227257921,-0.3885040884367536,-10.866676406658904
86,2318808362696,PointCloud6.pcd,PointCloud7.pcd,0.6254,0.4977875854174926,-0.5338343531468903,-0.6835410764573434,2.098596756276741,0.8310286170166905,0.5191164709763519,0.1997736901105472,-0.5594981141831932,0.2481913727419815,-0.6674870582725178,0.7020413588494279,1.0913716893667529
87,2318808362727,PointCloud7.pcd,PointCloud5.pcd,0.7196,-0.1253231336455827,-0.9739384372213756,0.1890450546193582,-3.937797741293608,0.9921159756700098,-0.1230164557274087,0.0239341271119498,-1.6271980685495355,-5.471376360234592e-05,0.1905541186200161,0.9816766906081416,4.65941814060381
88,2318808362758,PointCloud10.pcd,PointCloud8.pcd,0.6091,-0.0049766646435916,0.9952313532384532,0.0974155343884233,4.015957676531714,-0.9742193609790802,-0.0267977789224143,0.2240056154169755,2.354703007845653,0.2255479317185988,-0.0937892988351137,0.9697070165372011,-3.396614327724637
89,2318808362789,PointCloud5.pcd,PointCloud6.pcd,0.6258,0.6302653458427463,0.3387852294373973,0.6985629264030361,-0.6512554345729882,-0.2114702145431187,0.9406606411285996,-0.2654014065385099,-0.3329804990316317,-0.7470247266261077,0.0195480573608263,0.6645087894547423,-3.992261883872757
90,2318808362820,PointCloud25.pcd,PointCloud26.pcd,0.6561,-0.7118739638571221,-0.5465204307667929,-0.4410792200238271,17.713910528787782,0.4237923800661236,-0.8350906360914205,0.3507472709948239,10.00594670457192,-0.5600316760507738,0.0627618376635464,0.8260904754037874,6.467348333203463
91,2318808362851,PointCloud13.pcd,PointCloud10.pcd,0.6278,0.6709096900495004,-0.2589392674117339,-0.6948601611763028,7.04724737921617,0.4095240869315696,0.9105737941800576,0.0560837550044392,0.0823490353067128,0.6181991669523239,-0.3221891077376892,0.7169546490780601,-0.9656787424778835
92,2318808362882,PointCloud27.pcd,PointCloud28.pcd,0.6512,0.0152391098867002,0.3250563825247473,0.945571846931679,4.22882776525964,-0.3184092903042143,0.8980279661718679,-0.3035807896115716,3.132237503665079,-0.9478308358445762,-0.296452559700779,0.117186118926383,15.34003041831102
93,2318808362913,PointCloud11.pcd,PointCloud9.pcd,0.6327,0.0536674607749163,0.9917268574188716,0.1166089358842695,4.86338261481986,-0.9254742987695314,0.0055457926512236,0.3787698067440344,5.682434172361592,0.3749895011477206,-0.1282461869139137,0.9181153465502168,-10.346736679766044
94,2318808362944,PointCloud14.pcd,PointCloud11.pcd,0.6251,-0.4928055053824705,-0.2540939151570524,0.8322133237006532,8.774067854269152,-0.8507445166240198,-0.0601072227487251,-0.5221311034669336,9.952806780331745,0.1826923679273172,-0.9653100041197104,-0.1865478347435691,0.8383508519037477
95,2318808362975,PointCloud27.pcd,PointCloud25.pcd,0.6406,-0.7852906750012805,-0.5484618655224154,-0.2872422981103328,18.55146584327024,0.6025424217141486,-0.7836896967887668,-0.1509075517725345,16.988921148698598,-0.1423417921444104,-0.2915819631163817,0.9458957516525353,8.425766532320733
96,2318808363006,PointCloud21.pcd,PointCloud19.pcd,0.6912,-0.9476361362561528,0.0859604543067867,0.3075655272570073,11.03384375869647,0.2128469378813417,-0.5479858944228644,0.8089546591423461,5.462251395716218,0.2380796805610389,0.8320590482705804,0.5009948162356667,-6.9939103172661525
97,2318808363037,PointCloud21.pcd,PointCloud19.pcd,0.6912,-0.6194815936452591,-0.5858501627032653,-0.5225152074296857,12.06477908294888,-0.6951542642862152,0.7186243423614962,0.0184283317258442,3.3829371822135377,0.3646959061731031,0.3746446869048917,-0.8524307916743239,0.5089356085349765
98,2318808363068,PointCloud17.pcd,PointCloud16.pcd,0.7076,-0.2669045621264191,0.4003827220437984,-0.8766160109220587,5.691856705503573,0.898176343698433,-0.2263850528351386,-0.3768674348804175,-2.695865537121273,-0.3493439713758042,-0.8879434012039449,-0.2991910859663959,3.2155067311035688
99,2318808363099,PointCloud12.pcd,PointCloud13.pcd,0.6749,-0.5017188836042655,0.1948146006721596,0.842808064270766,12.72652398070402,0.7920556200874831,-0.2882142371332435,0.5381267956546435,-3.02654269321762,0.3477442400999928,0.9375392391141016,-0.0097014740441368,2.013894850111773
